   0;     806
   1;     690
   2;     522
   3;     270
   4;     134
   5;      37
   6;      11
   7;       7
   8;       0
   9;       0
  10;       0
  11;       0
  12;       0
  13;       0
  14;       0
  15;       2
  16;       0
  17;       1
  18;       0
  19;       0
  20;       0
  21;       0
  22;       0
  23;       0
  24;       0
  25;       0
  26;       0
  27;       0
  28;       0
  29;       1
  30;      23
  31;      42
  32;      94
  33;      96
  34;      92
  35;      96
  36;     103
  37;     107
  38;      94
  39;      78
  40;      87
  41;      90
  42;      91
  43;      68
  44;      90
  45;     112
  46;      93
  47;      97
  48;      99
  49;     109
  50;      87
  51;     116
  52;      88
  53;     107
  54;      93
  55;      90
  56;     105
  57;      89
  58;      98
  59;     102
  60;     103
  61;      95
  62;      75
  63;      95
  64;      82
  65;      97
  66;      70
  67;      71
  68;      76
  69;      85
  70;      79
  71;      76
  72;      85
  73;      69
  74;      86
  75;      80
  76;      91
  77;      74
  78;      90
  79;      98
  80;      73
  81;      82
  82;      95
  83;      88
  84;      80
  85;      90
  86;      97
  87;      90
  88;      80
  89;     109
  90;      88
  91;      66
  92;      70
  93;      78
  94;      85
  95;      81
  96;      82
  97;      95
  98;      85
  99;      78
 100;      79
 101;      99
 102;      76
 103;      82
 104;      86
 105;      98
 106;      85
 107;      81
 108;     113
 109;      81
 110;     104
 111;     144
 112;     166
 113;     147
 114;     162
 115;     167
 116;     171
 117;     171
 118;     173
 119;     157
 120;     148
 121;     173
 122;     130
 123;     150
 124;     162
 125;     195
 126;     160
 127;     209
 128;     267
 129;     373
 130;     560
 131;     807
 132;    1030
 133;    1259
 134;    1385
 135;    1362
 136;    1279
 137;    1105
 138;     940
 139;     925
 140;     973
 141;     988
 142;    1020
 143;    1140
 144;    1323
 145;    1330
 146;    1505
 147;    1496
 148;    1497
 149;    1334
 150;     985
 151;     740
 152;     491
 153;     428
 154;     309
 155;     286
 156;     273
 157;     283
 158;     302
 159;     294
 160;     273
 161;     244
 162;     223
 163;     244
 164;     190
 165;     178
 166;     189
 167;     170
 168;     160
 169;     180
 170;     159
 171;     149
 172;     139
 173;     142
 174;     135
 175;     144
 176;     177
 177;     145
 178;     136
 179;     175
 180;     157
 181;     194
 182;     209
 183;     221
 184;     217
 185;     243
 186;     239
 187;     194
 188;     188
 189;     211
 190;     195
 191;     175
 192;     172
 193;     170
 194;     212
 195;     193
 196;     211
 197;     198
 198;     204
 199;     217
 200;     227
 201;     227
 202;     194
 203;     203
 204;     214
 205;     214
 206;     197
 207;     190
 208;     197
 209;     181
 210;     227
 211;     197
 212;     219
 213;     191
 214;     214
 215;     235
 216;     300
 217;     375
 218;     502
 219;     645
 220;     790
 221;     946
 222;     978
 223;    1073
 224;     962
 225;     802
 226;     643
 227;     524
 228;     420
 229;     302
 230;     307
 231;     237
 232;     219
 233;     263
 234;     269
 235;     296
 236;     393
 237;     484
 238;     643
 239;     717
 240;     763
 241;     856
 242;     832
 243;     749
 244;     656
 245;     560
 246;     503
 247;     406
 248;     377
 249;     331
 250;     324
 251;     264
 252;     304
 253;     308
 254;     352
 255;     396
 256;     375
 257;     401
 258;     387
 259;     381
 260;     342
 261;     298
 262;     293
 263;     299
 264;     287
 265;     281
 266;     312
 267;     360
 268;     359
 269;     413
 270;     419
 271;     379
 272;     415
 273;     394
 274;     424
 275;     378
 276;     336
 277;     350
 278;     292
 279;     334
 280;     281
 281;     275
 282;     245
 283;     250
 284;     267
 285;     290
 286;     270
 287;     278
 288;     308
 289;     295
 290;     316
 291;     304
 292;     315
 293;     281
 294;     282
 295;     311
 296;     289
 297;     298
 298;     316
 299;     297
 300;     269
 301;     282
 302;     255
 303;     274
 304;     251
 305;     310
 306;     321
 307;     312
 308;     351
 309;     370
 310;     417
 311;     406
 312;     460
 313;     484
 314;     539
 315;     501
 316;     600
 317;     659
 318;     705
 319;     709
 320;     610
 321;     646
 322;     478
 323;     429
 324;     343
 325;     347
 326;     279
 327;     295
 328;     304
 329;     275
 330;     271
 331;     272
 332;     305
 333;     296
 334;     333
 335;     289
 336;     299
 337;     317
 338;     314
 339;     370
 340;     370
 341;     387
 342;     379
 343;     396
 344;     418
 345;     401
 346;     396
 347;     433
 348;     381
 349;     371
 350;     382
 351;     392
 352;     364
 353;     353
 354;     362
 355;     371
 356;     376
 357;     436
 358;     436
 359;     426
 360;     471
 361;     514
 362;     574
 363;     586
 364;     636
 365;     668
 366;     688
 367;     773
 368;     739
 369;     811
 370;     850
 371;     866
 372;     878
 373;     841
 374;     769
 375;     719
 376;     555
 377;     484
 378;     394
 379;     319
 380;     329
 381;     292
 382;     242
 383;     250
 384;     258
 385;     268
 386;     248
 387;     246
 388;     269
 389;     243
 390;     257
 391;     263
 392;     264
 393;     281
 394;     274
 395;     289
 396;     290
 397;     301
 398;     331
 399;     328
 400;     341
 401;     344
 402;     369
 403;     342
 404;     361
 405;     347
 406;     360
 407;     325
 408;     359
 409;     433
 410;     403
 411;     401
 412;     430
 413;     447
 414;     434
 415;     396
 416;     438
 417;     462
 418;     602
 419;     757
 420;    1050
 421;    1683
 422;    2862
 423;    4564
 424;    7024
 425;   10316
 426;   14044
 427;   18019
 428;   21834
 429;   24189
 430;   25251
 431;   24790
 432;   22555
 433;   18681
 434;   15140
 435;   11033
 436;    7685
 437;    5047
 438;    3184
 439;    1734
 440;    1116
 441;     651
 442;     416
 443;     308
 444;     258
 445;     247
 446;     205
 447;     213
 448;     211
 449;     194
 450;     237
 451;     231
 452;     271
 453;     261
 454;     270
 455;     300
 456;     331
 457;     302
 458;     339
 459;     308
 460;     315
 461;     316
 462;     299
 463;     309
 464;     290
 465;     368
 466;     372
 467;     413
 468;     550
 469;     710
 470;     977
 471;    1418
 472;    1880
 473;    2325
 474;    2894
 475;    3516
 476;    3678
 477;    3779
 478;    3768
 479;    3199
 480;    2880
 481;    2346
 482;    1763
 483;    1221
 484;     868
 485;     560
 486;     393
 487;     286
 488;     186
 489;     167
 490;     142
 491;     144
 492;     135
 493;     125
 494;     130
 495;     132
 496;     127
 497;     141
 498;     119
 499;     122
 500;     114
 501;     119
 502;     114
 503;     122
 504;     128
 505;     118
 506;     120
 507;     111
 508;     125
 509;     119
 510;     125
 511;     146
 512;     122
 513;     154
 514;     161
 515;     191
 516;     204
 517;     250
 518;     329
 519;     402
 520;     492
 521;     592
 522;     705
 523;     822
 524;     967
 525;     998
 526;     947
 527;     906
 528;     849
 529;     709
 530;     614
 531;     505
 532;     381
 533;     295
 534;     236
 535;     190
 536;     159
 537;     148
 538;     132
 539;     150
 540;     124
 541;     128
 542;     135
 543;     116
 544;     108
 545;     105
 546;     106
 547;     126
 548;     132
 549;     102
 550;     112
 551;     100
 552;     108
 553;     130
 554;     104
 555;     106
 556;      90
 557;     119
 558;     111
 559;     105
 560;     124
 561;     135
 562;     104
 563;     134
 564;     110
 565;     136
 566;     140
 567;     102
 568;     115
 569;     122
 570;     107
 571;     112
 572;     110
 573;     111
 574;     109
 575;     106
 576;      92
 577;     120
 578;     125
 579;      95
 580;     105
 581;      91
 582;     100
 583;      97
 584;      88
 585;     105
 586;     109
 587;      95
 588;     106
 589;      85
 590;     100
 591;     115
 592;     107
 593;     129
 594;      99
 595;     107
 596;      91
 597;      89
 598;     128
 599;     120
 600;     110
 601;     132
 602;     119
 603;     111
 604;     116
 605;     115
 606;     150
 607;     135
 608;     137
 609;     158
 610;     137
 611;     162
 612;     165
 613;     180
 614;     150
 615;     155
 616;     143
 617;     153
 618;     204
 619;     213
 620;     281
 621;     317
 622;     408
 623;     546
 624;     669
 625;     770
 626;     916
 627;    1016
 628;    1090
 629;    1098
 630;    1061
 631;     985
 632;     841
 633;     754
 634;     593
 635;     515
 636;     401
 637;     356
 638;     283
 639;     246
 640;     192
 641;     174
 642;     144
 643;     150
 644;     148
 645;     109
 646;     125
 647;     125
 648;     117
 649;     141
 650;     121
 651;     119
 652;     101
 653;     115
 654;      93
 655;      97
 656;      94
 657;      75
 658;      83
 659;     117
 660;      79
 661;      75
 662;      86
 663;      81
 664;      80
 665;      84
 666;      65
 667;      87
 668;      70
 669;      68
 670;      79
 671;      82
 672;      67
 673;      75
 674;      85
 675;      79
 676;      70
 677;      76
 678;      67
 679;      91
 680;      67
 681;      88
 682;      84
 683;      83
 684;      76
 685;      86
 686;      62
 687;      65
 688;      74
 689;      70
 690;      67
 691;      77
 692;      80
 693;      72
 694;      59
 695;      72
 696;      69
 697;      75
 698;      82
 699;      79
 700;      76
 701;      62
 702;      80
 703;      86
 704;      88
 705;      87
 706;      89
 707;      89
 708;      79
 709;      89
 710;      86
 711;      76
 712;      94
 713;      61
 714;      85
 715;      83
 716;      69
 717;      77
 718;      66
 719;      58
 720;      71
 721;      72
 722;      58
 723;      62
 724;      77
 725;      70
 726;      94
 727;      72
 728;     100
 729;     106
 730;     128
 731;     168
 732;     159
 733;     199
 734;     198
 735;     221
 736;     216
 737;     217
 738;     197
 739;     181
 740;     145
 741;     134
 742;     134
 743;     107
 744;      97
 745;      83
 746;      71
 747;      76
 748;      83
 749;      76
 750;      72
 751;      89
 752;      89
 753;      98
 754;      77
 755;     100
 756;      94
 757;     109
 758;      99
 759;      98
 760;      79
 761;      78
 762;      72
 763;      64
 764;      59
 765;      69
 766;      52
 767;      64
 768;      53
 769;      61
 770;      51
 771;      50
 772;      40
 773;      56
 774;      51
 775;      47
 776;      62
 777;      43
 778;      54
 779;      65
 780;      57
 781;      50
 782;      60
 783;      50
 784;      54
 785;      51
 786;      53
 787;      55
 788;      51
 789;      54
 790;      65
 791;      50
 792;      54
 793;      52
 794;      51
 795;      52
 796;      41
 797;      55
 798;      45
 799;      40
 800;      38
 801;      46
 802;      53
 803;      50
 804;      47
 805;      56
 806;      59
 807;      41
 808;      46
 809;      45
 810;      47
 811;      51
 812;      44
 813;      58
 814;      47
 815;      46
 816;      46
 817;      40
 818;      34
 819;      46
 820;      43
 821;      47
 822;      41
 823;      55
 824;      37
 825;      29
 826;      42
 827;      39
 828;      42
 829;      39
 830;      42
 831;      53
 832;      40
 833;      47
 834;      28
 835;      41
 836;      42
 837;      45
 838;      44
 839;      34
 840;      40
 841;      57
 842;      47
 843;      48
 844;      35
 845;      43
 846;      44
 847;      33
 848;      39
 849;      34
 850;      40
 851;      47
 852;      53
 853;      53
 854;      46
 855;      46
 856;      51
 857;      56
 858;      47
 859;      56
 860;      61
 861;      57
 862;      61
 863;      49
 864;      48
 865;      51
 866;      44
 867;      45
 868;      44
 869;      35
 870;      43
 871;      40
 872;      33
 873;      41
 874;      44
 875;      40
 876;      36
 877;      46
 878;      33
 879;      40
 880;      39
 881;      44
 882;      36
 883;      30
 884;      44
 885;      46
 886;      43
 887;      33
 888;      44
 889;      39
 890;      56
 891;      49
 892;      52
 893;      33
 894;      40
 895;      44
 896;      38
 897;      40
 898;      42
 899;      43
 900;      45
 901;      45
 902;      40
 903;      50
 904;      42
 905;      48
 906;      59
 907;      52
 908;      57
 909;      50
 910;      57
 911;      53
 912;      50
 913;      44
 914;      41
 915;      73
 916;      61
 917;      64
 918;      64
 919;      71
 920;      62
 921;      74
 922;      84
 923;      80
 924;      71
 925;      76
 926;      74
 927;      71
 928;     102
 929;      93
 930;      79
 931;      96
 932;      79
 933;     131
 934;     109
 935;     128
 936;      91
 937;     112
 938;     120
 939;     134
 940;     140
 941;     136
 942;     123
 943;     149
 944;     119
 945;     127
 946;     136
 947;     140
 948;     127
 949;     121
 950;     141
 951;     136
 952;     136
 953;     143
 954;     116
 955;     125
 956;     130
 957;     124
 958;     115
 959;     117
 960;     101
 961;     106
 962;     118
 963;     112
 964;      93
 965;     102
 966;      73
 967;      74
 968;      76
 969;      72
 970;      62
 971;      58
 972;      77
 973;      70
 974;      57
 975;      51
 976;      61
 977;      45
 978;      58
 979;      48
 980;      54
 981;      43
 982;      43
 983;      45
 984;      39
 985;      55
 986;      53
 987;      42
 988;      28
 989;      36
 990;      38
 991;      42
 992;      39
 993;      53
 994;      55
 995;      44
 996;      47
 997;      64
 998;      71
 999;      87
1000;      80
1001;      89
1002;      85
1003;      91
1004;     106
1005;     103
1006;      97
1007;      85
1008;     107
1009;      82
1010;      71
1011;      73
1012;      70
1013;      59
1014;      51
1015;      47
1016;      46
1017;      40
1018;      29
1019;      35
1020;      30
1021;      41
1022;      33
1023;      34
1024;      30
1025;      37
1026;      40
1027;      36
1028;      33
1029;      40
1030;      36
1031;      36
1032;      33
1033;      36
1034;      29
1035;      37
1036;      33
1037;      31
1038;      42
1039;      31
1040;      37
1041;      47
1042;      35
1043;      58
1044;      51
1045;      49
1046;      61
1047;      77
1048;      80
1049;      66
1050;      80
1051;      80
1052;      82
1053;      77
1054;     102
1055;      73
1056;      75
1057;      69
1058;      65
1059;      60
1060;      73
1061;      56
1062;      72
1063;      50
1064;      50
1065;      43
1066;      55
1067;      44
1068;      37
1069;      25
1070;      36
1071;      34
1072;      40
1073;      33
1074;      46
1075;      26
1076;      29
1077;      18
1078;      39
1079;      31
1080;      34
1081;      30
1082;      22
1083;      29
1084;      24
1085;      23
1086;      29
1087;      26
1088;      40
1089;      33
1090;      25
1091;      32
1092;      31
1093;      23
1094;      25
1095;      17
1096;      19
1097;      24
1098;      25
1099;      18
1100;      21
1101;      26
1102;      23
1103;      26
1104;      23
1105;      27
1106;      24
1107;      27
1108;      22
1109;      16
1110;      25
1111;      15
1112;      13
1113;      18
1114;      18
1115;      21
1116;      19
1117;      16
1118;      16
1119;      19
1120;      15
1121;      21
1122;      30
1123;      22
1124;      16
1125;      27
1126;      30
1127;      29
1128;      31
1129;      23
1130;      24
1131;      28
1132;      30
1133;      22
1134;      27
1135;      23
1136;      27
1137;      25
1138;      25
1139;      33
1140;      27
1141;      21
1142;      27
1143;      22
1144;      24
1145;      29
1146;      37
1147;      30
1148;      24
1149;      37
1150;      23
1151;      26
1152;      23
1153;      30
1154;      28
1155;      22
1156;      33
1157;      27
1158;      40
1159;      32
1160;      27
1161;      14
1162;      23
1163;      25
1164;      22
1165;      24
1166;      22
1167;      17
1168;      18
1169;      15
1170;      20
1171;      21
1172;      27
1173;      16
1174;      18
1175;      21
1176;      23
1177;      16
1178;      10
1179;      28
1180;      23
1181;      12
1182;      20
1183;      25
1184;      17
1185;      21
1186;      22
1187;      18
1188;      21
1189;      26
1190;      20
1191;      22
1192;      29
1193;      21
1194;      17
1195;      17
1196;      19
1197;      12
1198;      12
1199;      21
1200;      13
1201;      11
1202;      21
1203;      18
1204;      18
1205;      10
1206;      16
1207;      23
1208;      18
1209;      17
1210;      13
1211;      13
1212;      19
1213;      14
1214;      22
1215;      16
1216;      11
1217;      20
1218;      23
1219;      20
1220;      15
1221;      11
1222;      15
1223;      14
1224;       5
1225;      10
1226;      12
1227;      10
1228;      13
1229;       9
1230;      20
1231;      12
1232;      11
1233;      12
1234;       9
1235;      14
1236;      14
1237;      11
1238;      13
1239;      18
1240;      13
1241;      15
1242;      13
1243;      20
1244;      14
1245;      10
1246;       7
1247;      14
1248;      14
1249;      15
1250;       7
1251;      12
1252;      12
1253;      15
1254;       9
1255;      15
1256;      14
1257;      12
1258;       7
1259;       9
1260;      20
1261;      18
1262;      16
1263;      12
1264;      18
1265;       5
1266;      15
1267;      12
1268;      13
1269;      17
1270;      12
1271;      14
1272;      16
1273;      14
1274;      17
1275;       8
1276;      13
1277;      12
1278;      10
1279;      13
1280;      15
1281;      15
1282;       9
1283;       6
1284;       9
1285;      18
1286;      14
1287;      18
1288;      13
1289;       9
1290;       8
1291;      21
1292;      11
1293;      15
1294;       6
1295;      12
1296;      10
1297;      21
1298;      12
1299;      18
1300;      16
1301;      12
1302;      10
1303;      12
1304;      16
1305;      18
1306;       9
1307;       9
1308;      12
1309;       5
1310;       6
1311;      15
1312;      15
1313;       6
1314;       9
1315;       8
1316;      11
1317;      17
1318;       6
1319;      10
1320;      19
1321;       8
1322;      17
1323;       9
1324;       9
1325;       9
1326;      13
1327;      12
1328;       7
1329;       8
1330;      10
1331;      12
1332;      12
1333;      12
1334;      12
1335;       9
1336;      16
1337;      13
1338;      13
1339;       8
1340;      12
1341;      10
1342;      13
1343;       9
1344;      16
1345;      10
1346;      12
1347;      12
1348;       8
1349;       7
1350;      11
1351;      14
1352;      11
1353;       6
1354;       8
1355;      15
1356;      15
1357;      12
1358;       9
1359;      12
1360;       7
1361;      10
1362;      15
1363;       7
1364;       6
1365;       7
1366;      19
1367;      16
1368;      12
1369;      14
1370;      12
1371;       7
1372;      13
1373;      12
1374;      14
1375;      14
1376;       7
1377;      12
1378;       8
1379;      14
1380;      11
1381;      12
1382;      11
1383;      14
1384;      12
1385;      12
1386;      10
1387;       9
1388;       6
1389;       9
1390;       6
1391;      11
1392;      11
1393;       9
1394;       8
1395;       9
1396;       9
1397;       9
1398;      12
1399;      13
1400;      14
1401;      15
1402;      10
1403;      10
1404;       8
1405;       6
1406;      10
1407;      12
1408;       7
1409;      13
1410;       8
1411;       4
1412;       8
1413;       7
1414;      11
1415;       5
1416;      12
1417;      10
1418;       6
1419;      11
1420;       4
1421;      13
1422;      10
1423;      15
1424;       8
1425;       9
1426;       5
1427;       9
1428;       6
1429;       9
1430;       3
1431;       6
1432;       8
1433;      14
1434;       9
1435;      10
1436;       6
1437;      12
1438;      10
1439;       9
1440;       8
1441;      11
1442;       3
1443;      11
1444;       6
1445;       7
1446;       9
1447;      10
1448;       7
1449;       9
1450;       8
1451;      10
1452;       9
1453;       7
1454;       9
1455;       2
1456;       4
1457;       3
1458;       6
1459;      10
1460;       7
1461;       5
1462;       8
1463;      10
1464;       5
1465;       8
1466;      10
1467;       3
1468;       6
1469;      11
1470;       5
1471;      12
1472;       6
1473;       6
1474;       3
1475;       8
1476;       3
1477;       7
1478;       8
1479;      14
1480;       9
1481;       8
1482;       5
1483;       6
1484;       6
1485;       7
1486;       6
1487;       8
1488;       2
1489;       3
1490;       5
1491;       5
1492;       6
1493;       7
1494;       7
1495;       7
1496;       4
1497;       6
1498;       4
1499;       8
1500;      12
1501;       7
1502;       6
1503;      11
1504;       2
1505;       5
1506;       7
1507;       5
1508;      11
1509;       9
1510;       8
1511;       2
1512;       5
1513;       6
1514;       6
1515;       5
1516;       4
1517;       5
1518;       7
1519;       5
1520;       4
1521;       8
1522;       4
1523;       8
1524;       1
1525;       2
1526;       8
1527;       4
1528;       4
1529;       5
1530;       3
1531;       7
1532;       6
1533;       7
1534;       7
1535;      10
1536;       5
1537;       6
1538;      10
1539;       1
1540;       2
1541;       7
1542;       5
1543;       3
1544;       0
1545;       8
1546;       3
1547;       5
1548;       6
1549;       7
1550;       4
1551;       4
1552;       4
1553;       5
1554;       5
1555;       4
1556;       8
1557;       4
1558;       4
1559;       5
1560;       2
1561;       5
1562;      11
1563;       2
1564;       6
1565;       6
1566;       5
1567;       5
1568;       3
1569;       3
1570;       4
1571;       6
1572;       7
1573;       5
1574;       6
1575;       4
1576;       5
1577;       7
1578;       6
1579;       6
1580;       7
1581;       6
1582;       5
1583;      11
1584;       9
1585;       8
1586;       3
1587;       7
1588;       7
1589;       6
1590;       5
1591;       3
1592;       6
1593;       4
1594;      10
1595;       5
1596;       7
1597;      10
1598;       5
1599;       6
1600;       6
1601;      12
1602;       8
1603;       9
1604;       7
1605;       9
1606;       9
1607;       6
1608;       9
1609;       8
1610;       5
1611;       6
1612;       2
1613;       8
1614;       5
1615;       4
1616;       5
1617;       3
1618;       8
1619;       7
1620;       6
1621;       3
1622;       2
1623;       7
1624;       2
1625;       6
1626;       2
1627;       4
1628;       6
1629;       1
1630;       1
1631;       5
1632;       5
1633;       7
1634;       3
1635;       2
1636;       0
1637;       2
1638;       7
1639;       6
1640;       5
1641;       2
1642;       1
1643;       5
1644;       3
1645;       6
1646;       3
1647;       2
1648;       2
1649;       3
1650;       3
1651;       1
1652;       2
1653;       0
1654;       1
1655;       4
1656;       2
1657;       3
1658;       5
1659;       4
1660;       0
1661;       4
1662;       4
1663;       5
1664;       3
1665;       1
1666;       3
1667;       2
1668;       3
1669;       2
1670;       3
1671;       2
1672;       2
1673;       2
1674;       3
1675;       1
1676;       5
1677;       4
1678;       0
1679;       5
1680;       7
1681;       2
1682;       3
1683;       3
1684;       1
1685;       2
1686;       2
1687;       3
1688;       2
1689;       1
1690;       0
1691;       1
1692;       3
1693;       1
1694;       1
1695;       4
1696;       1
1697;       1
1698;       0
1699;       3
1700;       2
1701;       2
1702;       1
1703;       2
1704;       1
1705;       2
1706;       2
1707;       2
1708;       2
1709;       4
1710;       1
1711;       2
1712;       1
1713;       2
1714;       0
1715;       2
1716;       0
1717;       1
1718;       1
1719;       2
1720;       0
1721;       0
1722;       0
1723;       0
1724;       0
1725;       0
1726;       1
1727;       1
1728;       1
1729;       1
1730;       0
1731;       0
1732;       2
1733;       0
1734;       1
1735;       0
1736;       1
1737;       2
1738;       0
1739;       0
1740;       1
1741;       1
1742;       0
1743;       0
1744;       2
1745;       3
1746;       0
1747;       0
1748;       1
1749;       1
1750;       1
1751;       1
1752;       3
1753;       0
1754;       1
1755;       0
1756;       0
1757;       1
1758;       1
1759;       1
1760;       0
1761;       1
1762;       1
1763;       0
1764;       1
1765;       2
1766;       0
1767;       1
1768;       0
1769;       1
1770;       0
1771;       1
1772;       1
1773;       1
1774;       0
1775;       1
1776;       1
1777;       0
1778;       0
1779;       3
1780;       1
1781;       0
1782;       1
1783;       0
1784;       0
1785;       0
1786;       2
1787;       1
1788;       0
1789;       1
1790;       1
1791;       0
1792;       0
1793;       0
1794;       0
1795;       0
1796;       0
1797;       0
1798;       1
1799;       1
1800;       0
1801;       1
1802;       0
1803;       2
1804;       0
1805;       2
1806;       0
1807;       0
1808;       0
1809;       1
1810;       1
1811;       1
1812;       0
1813;       0
1814;       0
1815;       1
1816;       1
1817;       0
1818;       1
1819;       0
1820;       0
1821;       1
1822;       0
1823;       0
1824;       2
1825;       0
1826;       0
1827;       1
1828;       0
1829;       0
1830;       0
1831;       0
1832;       0
1833;       0
1834;       0
1835;       1
1836;       0
1837;       1
1838;       0
1839;       0
1840;       1
1841;       0
1842;       0
1843;       0
1844;       0
1845;       0
1846;       1
1847;       1
1848;       1
1849;       0
1850;       0
1851;       0
1852;       0
1853;       0
1854;       0
1855;       0
1856;       1
1857;       1
1858;       0
1859;       0
1860;       0
1861;       3
1862;       0
1863;       0
1864;       0
1865;       0
1866;       0
1867;       0
1868;       0
1869;       1
1870;       0
1871;       0
1872;       0
1873;       0
1874;       0
1875;       0
1876;       0
1877;       0
1878;       0
1879;       0
1880;       0
1881;       0
1882;       0
1883;       1
1884;       0
1885;       0
1886;       0
1887;       0
1888;       0
1889;       0
1890;       0
1891;       0
1892;       0
1893;       0
1894;       0
1895;       0
1896;       0
1897;       1
1898;       0
1899;       0
1900;       0
1901;       0
1902;       0
1903;       0
1904;       0
1905;       0
1906;       0
1907;       0
1908;       0
1909;       0
1910;       0
1911;       0
1912;       0
1913;       0
1914;       0
1915;       0
1916;       0
1917;       0
1918;       0
1919;       0
1920;       0
1921;       0
1922;       0
1923;       0
1924;       0
1925;       0
1926;       0
1927;       0
1928;       0
1929;       0
1930;       0
1931;       0
1932;       0
1933;       0
1934;       0
1935;       0
1936;       0
1937;       0
1938;       0
1939;       0
1940;       0
1941;       0
1942;       0
1943;       0
1944;       0
1945;       0
1946;       0
1947;       0
1948;       0
1949;       0
1950;       0
1951;       0
1952;       0
1953;       0
1954;       0
1955;       0
1956;       0
1957;       0
1958;       0
1959;       0
1960;       0
1961;       0
1962;       0
1963;       0
1964;       0
1965;       0
1966;       0
1967;       0
1968;       0
1969;       0
1970;       0
1971;       0
1972;       0
1973;       0
1974;       0
1975;       0
1976;       0
1977;       0
1978;       0
1979;       0
1980;       0
1981;       0
1982;       0
1983;       0
1984;       0
1985;       0
1986;       0
1987;       0
1988;       0
1989;       0
1990;       0
1991;       0
1992;       0
1993;       0
1994;       0
1995;       0
1996;       0
1997;       0
1998;       0
1999;       0
2000;       0
2001;       0
2002;       0
2003;       0
2004;       0
2005;       0
2006;       0
2007;       0
2008;       0
2009;       0
2010;       0
2011;       0
2012;       0
2013;       0
2014;       0
2015;       0
2016;       0
2017;       0
2018;       0
2019;       0
2020;       0
2021;       0
2022;       0
2023;       0
2024;       0
2025;       0
2026;       0
2027;       0
2028;       0
2029;       0
2030;       0
2031;       0
2032;       0
2033;       0
2034;       0
2035;       0
2036;       0
2037;       0
2038;       0
2039;       0
2040;       0
2041;       0
2042;       0
2043;       0
2044;       0
2045;       0
2046;       0
2047;       0
