   0;     857
   1;     756
   2;     472
   3;     276
   4;     116
   5;      37
   6;       7
   7;       5
   8;       5
   9;       0
  10;       0
  11;       0
  12;       0
  13;       0
  14;       0
  15;       0
  16;       1
  17;       0
  18;       0
  19;       0
  20;       1
  21;       0
  22;       0
  23;       0
  24;       0
  25;       0
  26;       0
  27;       0
  28;       1
  29;       7
  30;      42
  31;      91
  32;     155
  33;     160
  34;     149
  35;     146
  36;     152
  37;     145
  38;     145
  39;     130
  40;     147
  41;     141
  42;     146
  43;     134
  44;     143
  45;     149
  46;     140
  47;     157
  48;     145
  49;     146
  50;     135
  51;     121
  52;     136
  53;     139
  54;     120
  55;     147
  56;     155
  57;     149
  58;     135
  59;     146
  60;     149
  61;     151
  62;     144
  63;     136
  64;     116
  65;     125
  66;     116
  67;      92
  68;     129
  69;     120
  70;     130
  71;     114
  72;     138
  73;     133
  74;     135
  75;     117
  76;     132
  77;     105
  78;     119
  79;      99
  80;     108
  81;      92
  82;     108
  83;      84
  84;     126
  85;     135
  86;     127
  87;     136
  88;     129
  89;     134
  90;     103
  91;     106
  92;     124
  93;     110
  94;      94
  95;     132
  96;     128
  97;     106
  98;     147
  99;     155
 100;     130
 101;     150
 102;     137
 103;     129
 104;     108
 105;     104
 106;     117
 107;     125
 108;      99
 109;     154
 110;     154
 111;     193
 112;     197
 113;     218
 114;     241
 115;     263
 116;     243
 117;     237
 118;     240
 119;     201
 120;     215
 121;     200
 122;     201
 123;     187
 124;     192
 125;     244
 126;     236
 127;     255
 128;     315
 129;     432
 130;     643
 131;     810
 132;    1044
 133;    1211
 134;    1373
 135;    1349
 136;    1230
 137;    1164
 138;     998
 139;    1021
 140;     956
 141;    1017
 142;    1064
 143;    1095
 144;    1257
 145;    1329
 146;    1488
 147;    1564
 148;    1425
 149;    1282
 150;    1037
 151;     807
 152;     574
 153;     421
 154;     345
 155;     321
 156;     312
 157;     316
 158;     282
 159;     351
 160;     307
 161;     290
 162;     278
 163;     243
 164;     236
 165;     199
 166;     233
 167;     252
 168;     190
 169;     194
 170;     189
 171;     186
 172;     185
 173;     181
 174;     203
 175;     201
 176;     240
 177;     278
 178;     362
 179;     523
 180;     728
 181;     947
 182;    1132
 183;    1348
 184;    1400
 185;    1303
 186;    1120
 187;     901
 188;     631
 189;     476
 190;     352
 191;     322
 192;     262
 193;     262
 194;     288
 195;     299
 196;     345
 197;     404
 198;     403
 199;     450
 200;     444
 201;     450
 202;     424
 203;     360
 204;     341
 205;     318
 206;     267
 207;     237
 208;     251
 209;     254
 210;     251
 211;     289
 212;     253
 213;     278
 214;     313
 215;     402
 216;     478
 217;     627
 218;     861
 219;    1177
 220;    1480
 221;    1845
 222;    2055
 223;    2004
 224;    1874
 225;    1645
 226;    1273
 227;     951
 228;     660
 229;     524
 230;     409
 231;     353
 232;     307
 233;     380
 234;     410
 235;     602
 236;     686
 237;     899
 238;    1183
 239;    1441
 240;    1512
 241;    1671
 242;    1576
 243;    1463
 244;    1300
 245;    1110
 246;     850
 247;     632
 248;     598
 249;     520
 250;     434
 251;     405
 252;     419
 253;     457
 254;     573
 255;     603
 256;     691
 257;     680
 258;     671
 259;     610
 260;     530
 261;     520
 262;     400
 263;     439
 264;     438
 265;     508
 266;     555
 267;     624
 268;     687
 269;     794
 270;     822
 271;     770
 272;     732
 273;     693
 274;     640
 275;     617
 276;     575
 277;     494
 278;     438
 279;     462
 280;     342
 281;     360
 282;     332
 283;     305
 284;     342
 285;     368
 286;     383
 287;     373
 288;     420
 289;     441
 290;     425
 291;     418
 292;     438
 293;     417
 294;     437
 295;     414
 296;     443
 297;     389
 298;     397
 299;     408
 300;     407
 301;     344
 302;     368
 303;     350
 304;     372
 305;     349
 306;     336
 307;     386
 308;     398
 309;     413
 310;     458
 311;     540
 312;     603
 313;     631
 314;     651
 315;     678
 316;     855
 317;     834
 318;     853
 319;     859
 320;     804
 321;     670
 322;     681
 323;     587
 324;     498
 325;     431
 326;     419
 327;     388
 328;     337
 329;     340
 330;     333
 331;     351
 332;     382
 333;     376
 334;     374
 335;     382
 336;     405
 337;     397
 338;     424
 339;     453
 340;     469
 341;     532
 342;     534
 343;     555
 344;     548
 345;     580
 346;     524
 347;     569
 348;     470
 349;     496
 350;     495
 351;     510
 352;     499
 353;     492
 354;     464
 355;     480
 356;     484
 357;     516
 358;     519
 359;     562
 360;     598
 361;     672
 362;     727
 363;     714
 364;     817
 365;     779
 366;     829
 367;     930
 368;     992
 369;    1036
 370;    1161
 371;    1163
 372;    1123
 373;    1115
 374;    1123
 375;     924
 376;     809
 377;     663
 378;     580
 379;     503
 380;     409
 381;     406
 382;     376
 383;     351
 384;     388
 385;     333
 386;     368
 387;     352
 388;     371
 389;     340
 390;     383
 391;     375
 392;     385
 393;     384
 394;     405
 395;     413
 396;     441
 397;     413
 398;     456
 399;     432
 400;     497
 401;     459
 402;     512
 403;     474
 404;     466
 405;     479
 406;     515
 407;     519
 408;     547
 409;     528
 410;     586
 411;     589
 412;     654
 413;     645
 414;     623
 415;     657
 416;     721
 417;     849
 418;    1007
 419;    1464
 420;    2189
 421;    3737
 422;    5904
 423;    9664
 424;   14956
 425;   21520
 426;   29127
 427;   37962
 428;   45043
 429;   50479
 430;   52939
 431;   50972
 432;   46661
 433;   39612
 434;   31159
 435;   22700
 436;   15678
 437;   10131
 438;    6149
 439;    3637
 440;    1982
 441;    1247
 442;     725
 443;     523
 444;     400
 445;     414
 446;     368
 447;     330
 448;     331
 449;     354
 450;     420
 451;     370
 452;     419
 453;     467
 454;     515
 455;     604
 456;     620
 457;     708
 458;     647
 459;     679
 460;     654
 461;     660
 462;     596
 463;     554
 464;     538
 465;     561
 466;     631
 467;     746
 468;    1063
 469;    1311
 470;    1886
 471;    2739
 472;    3725
 473;    4834
 474;    5917
 475;    6806
 476;    7449
 477;    7486
 478;    7397
 479;    6615
 480;    5724
 481;    4515
 482;    3289
 483;    2392
 484;    1627
 485;    1058
 486;     680
 487;     443
 488;     324
 489;     255
 490;     201
 491;     161
 492;     179
 493;     173
 494;     149
 495;     137
 496;     156
 497;     173
 498;     162
 499;     152
 500;     169
 501;     162
 502;     134
 503;     141
 504;     171
 505;     161
 506;     181
 507;     171
 508;     178
 509;     182
 510;     168
 511;     184
 512;     248
 513;     276
 514;     303
 515;     386
 516;     544
 517;     649
 518;     902
 519;    1140
 520;    1574
 521;    1974
 522;    2372
 523;    2812
 524;    3128
 525;    3189
 526;    3272
 527;    3186
 528;    2899
 529;    2502
 530;    1972
 531;    1593
 532;    1122
 533;     780
 534;     563
 535;     419
 536;     344
 537;     256
 538;     212
 539;     192
 540;     158
 541;     170
 542;     140
 543;     163
 544;     147
 545;     152
 546;     151
 547;     161
 548;     165
 549;     148
 550;     139
 551;     136
 552;     144
 553;     154
 554;     154
 555;     134
 556;     146
 557;     158
 558;     165
 559;     161
 560;     154
 561;     176
 562;     189
 563;     208
 564;     197
 565;     180
 566;     199
 567;     202
 568;     175
 569;     191
 570;     182
 571;     156
 572;     179
 573;     146
 574;     156
 575;     151
 576;     146
 577;     136
 578;     175
 579;     140
 580;     139
 581;     142
 582;     140
 583;     151
 584;     169
 585;     122
 586;     156
 587;     155
 588;     154
 589;     159
 590;     163
 591;     155
 592;     160
 593;     171
 594;     171
 595;     161
 596;     164
 597;     176
 598;     155
 599;     192
 600;     175
 601;     183
 602;     199
 603;     215
 604;     252
 605;     231
 606;     256
 607;     248
 608;     295
 609;     300
 610;     304
 611;     327
 612;     364
 613;     346
 614;     397
 615;     378
 616;     389
 617;     396
 618;     423
 619;     514
 620;     645
 621;     912
 622;    1191
 623;    1548
 624;    1985
 625;    2477
 626;    2818
 627;    3215
 628;    3382
 629;    3470
 630;    3366
 631;    3084
 632;    2753
 633;    2274
 634;    1843
 635;    1453
 636;    1179
 637;     915
 638;     746
 639;     591
 640;     459
 641;     394
 642;     356
 643;     317
 644;     301
 645;     270
 646;     291
 647;     255
 648;     271
 649;     245
 650;     233
 651;     223
 652;     218
 653;     220
 654;     178
 655;     158
 656;     162
 657;     124
 658;     137
 659;     132
 660;     104
 661;     134
 662;     122
 663;     123
 664;     132
 665;     125
 666;     118
 667;     119
 668;      88
 669;     112
 670;     108
 671;     110
 672;     107
 673;      94
 674;     105
 675;      99
 676;     109
 677;      75
 678;     106
 679;     104
 680;      91
 681;      91
 682;     112
 683;      95
 684;      92
 685;     102
 686;     104
 687;      77
 688;     101
 689;      84
 690;     110
 691;      79
 692;      98
 693;     111
 694;      93
 695;     106
 696;     105
 697;      89
 698;     123
 699;     129
 700;     121
 701;     129
 702;     123
 703;     127
 704;     142
 705;     137
 706;     155
 707;     165
 708;     147
 709;     113
 710;     132
 711;     113
 712;     148
 713;     120
 714;     130
 715;     121
 716;      92
 717;     113
 718;     110
 719;     104
 720;     112
 721;      99
 722;     127
 723;     113
 724;     101
 725;     137
 726;     154
 727;     152
 728;     214
 729;     258
 730;     319
 731;     343
 732;     446
 733;     462
 734;     524
 735;     535
 736;     537
 737;     469
 738;     504
 739;     453
 740;     385
 741;     366
 742;     272
 743;     250
 744;     183
 745;     182
 746;     156
 747;     174
 748;     165
 749;     174
 750;     176
 751;     178
 752;     192
 753;     202
 754;     202
 755;     205
 756;     215
 757;     238
 758;     215
 759;     204
 760;     191
 761;     187
 762;     159
 763;     139
 764;     119
 765;     106
 766;     106
 767;      92
 768;      84
 769;      75
 770;      84
 771;      82
 772;      88
 773;      69
 774;      67
 775;      74
 776;      70
 777;      85
 778;      83
 779;      78
 780;      84
 781;      75
 782;      82
 783;     100
 784;      92
 785;      88
 786;      96
 787;      89
 788;     105
 789;      81
 790;      71
 791;      79
 792;      87
 793;      70
 794;      74
 795;      81
 796;      76
 797;      61
 798;      63
 799;      66
 800;      62
 801;      55
 802;      82
 803;      74
 804;      61
 805;      67
 806;      82
 807;      70
 808;      61
 809;      54
 810;      78
 811;      90
 812;      77
 813;      77
 814;      61
 815;      76
 816;      73
 817;      68
 818;      61
 819;      63
 820;      88
 821;      55
 822;      60
 823;      61
 824;      60
 825;      69
 826;      68
 827;      60
 828;      62
 829;      74
 830;      62
 831;      61
 832;      67
 833;      54
 834;      74
 835;      61
 836;      62
 837;      68
 838;      76
 839;      74
 840;      63
 841;      64
 842;      69
 843;      69
 844;      78
 845;      74
 846;      56
 847;      73
 848;      70
 849;      62
 850;      63
 851;      70
 852;      70
 853;      68
 854;      72
 855;      77
 856;     105
 857;     119
 858;     123
 859;     127
 860;     100
 861;     120
 862;     121
 863;     102
 864;     106
 865;      85
 866;     114
 867;      85
 868;      66
 869;      81
 870;      79
 871;      81
 872;      64
 873;      69
 874;      62
 875;      58
 876;      56
 877;      79
 878;      70
 879;      68
 880;      67
 881;      60
 882;      80
 883;      57
 884;      71
 885;      63
 886;      63
 887;      62
 888;      79
 889;      69
 890;      65
 891;      71
 892;      61
 893;      82
 894;      60
 895;      74
 896;      83
 897;      51
 898;      71
 899;      75
 900;      72
 901;      68
 902;      83
 903;      80
 904;      81
 905;      81
 906;      98
 907;      83
 908;      82
 909;      89
 910;      90
 911;      95
 912;      86
 913;     112
 914;      81
 915;      94
 916;     105
 917;      83
 918;      95
 919;     112
 920;     123
 921;     121
 922;     121
 923;     146
 924;     115
 925;     125
 926;     142
 927;     146
 928;     183
 929;     142
 930;     148
 931;     189
 932;     181
 933;     170
 934;     157
 935;     175
 936;     153
 937;     186
 938;     178
 939;     192
 940;     169
 941;     203
 942;     213
 943;     183
 944;     180
 945;     194
 946;     211
 947;     199
 948;     197
 949;     196
 950;     215
 951;     170
 952;     185
 953;     189
 954;     182
 955;     170
 956;     168
 957;     153
 958;     150
 959;     172
 960;     157
 961;     131
 962;     147
 963;     103
 964;     111
 965;     105
 966;     121
 967;     106
 968;     105
 969;     103
 970;      95
 971;      86
 972;      79
 973;      75
 974;      87
 975;      86
 976;      82
 977;      65
 978;      84
 979;      59
 980;      72
 981;      56
 982;      53
 983;      63
 984;      57
 985;      55
 986;      72
 987;      55
 988;      56
 989;      67
 990;      64
 991;      63
 992;      59
 993;      72
 994;      80
 995;     100
 996;     107
 997;      99
 998;     106
 999;     119
1000;     137
1001;     128
1002;     151
1003;     144
1004;     157
1005;     170
1006;     148
1007;     154
1008;     131
1009;     168
1010;     113
1011;     125
1012;     106
1013;      94
1014;      87
1015;      75
1016;      64
1017;      69
1018;      77
1019;      47
1020;      48
1021;      52
1022;      52
1023;      45
1024;      60
1025;      54
1026;      48
1027;      35
1028;      54
1029;      48
1030;      36
1031;      48
1032;      50
1033;      61
1034;      55
1035;      57
1036;      60
1037;      56
1038;      78
1039;      68
1040;      67
1041;      80
1042;      76
1043;      69
1044;      87
1045;      83
1046;     101
1047;     104
1048;     103
1049;      97
1050;     113
1051;     117
1052;     106
1053;     119
1054;     116
1055;     118
1056;     121
1057;     116
1058;     141
1059;     106
1060;      96
1061;      96
1062;      93
1063;      77
1064;      68
1065;      87
1066;      63
1067;      74
1068;      53
1069;      64
1070;      68
1071;      62
1072;      50
1073;      62
1074;      55
1075;      47
1076;      47
1077;      51
1078;      43
1079;      49
1080;      48
1081;      50
1082;      57
1083;      33
1084;      39
1085;      42
1086;      46
1087;      42
1088;      33
1089;      35
1090;      38
1091;      40
1092;      47
1093;      44
1094;      47
1095;      44
1096;      54
1097;      37
1098;      45
1099;      43
1100;      33
1101;      36
1102;      37
1103;      45
1104;      35
1105;      47
1106;      42
1107;      45
1108;      24
1109;      35
1110;      33
1111;      47
1112;      31
1113;      36
1114;      34
1115;      35
1116;      38
1117;      41
1118;      27
1119;      40
1120;      31
1121;      32
1122;      46
1123;      35
1124;      49
1125;      38
1126;      44
1127;      36
1128;      43
1129;      40
1130;      35
1131;      44
1132;      44
1133;      60
1134;      63
1135;      51
1136;      49
1137;      45
1138;      40
1139;      36
1140;      32
1141;      42
1142;      35
1143;      42
1144;      42
1145;      49
1146;      31
1147;      28
1148;      33
1149;      33
1150;      32
1151;      41
1152;      37
1153;      31
1154;      42
1155;      45
1156;      35
1157;      35
1158;      32
1159;      33
1160;      37
1161;      29
1162;      32
1163;      33
1164;      37
1165;      36
1166;      28
1167;      25
1168;      28
1169;      27
1170;      30
1171;      20
1172;      25
1173;      30
1174;      30
1175;      26
1176;      23
1177;      36
1178;      30
1179;      30
1180;      32
1181;      28
1182;      33
1183;      36
1184;      33
1185;      29
1186;      28
1187;      27
1188;      38
1189;      39
1190;      43
1191;      32
1192;      31
1193;      32
1194;      35
1195;      27
1196;      26
1197;      39
1198;      31
1199;      26
1200;      25
1201;      21
1202;      34
1203;      31
1204;      15
1205;      23
1206;      28
1207;      31
1208;      28
1209;      32
1210;      29
1211;      23
1212;      20
1213;      27
1214;      36
1215;      18
1216;      27
1217;      29
1218;      19
1219;      22
1220;      30
1221;      39
1222;      26
1223;      19
1224;      23
1225;      33
1226;      25
1227;      28
1228;      22
1229;      26
1230;      27
1231;      17
1232;      34
1233;      20
1234;      22
1235;      20
1236;      22
1237;      19
1238;      17
1239;      19
1240;      24
1241;      26
1242;      24
1243;      25
1244;      15
1245;      23
1246;      19
1247;      22
1248;      31
1249;      22
1250;      19
1251;      21
1252;      19
1253;      19
1254;      26
1255;      29
1256;      27
1257;      17
1258;      22
1259;      26
1260;      22
1261;      20
1262;      23
1263;      25
1264;      29
1265;      28
1266;      23
1267;      14
1268;      26
1269;      21
1270;      28
1271;      34
1272;      26
1273;      19
1274;      24
1275;      23
1276;      23
1277;      22
1278;      32
1279;      20
1280;      18
1281;      21
1282;      26
1283;      20
1284;      19
1285;      24
1286;      24
1287;      22
1288;      18
1289;      24
1290;      17
1291;      20
1292;      21
1293;      24
1294;      19
1295;      20
1296;      21
1297;      26
1298;      21
1299;      32
1300;      17
1301;      17
1302;      20
1303;      16
1304;      19
1305;      27
1306;      22
1307;      28
1308;      21
1309;      17
1310;      24
1311;      23
1312;      20
1313;      17
1314;      25
1315;      24
1316;      24
1317;      20
1318;      17
1319;      24
1320;      19
1321;      23
1322;      15
1323;      23
1324;      17
1325;      14
1326;      23
1327;      23
1328;      13
1329;      17
1330;      17
1331;      16
1332;      17
1333;      13
1334;      10
1335;      22
1336;      23
1337;      24
1338;      18
1339;      17
1340;      32
1341;      23
1342;      15
1343;       8
1344;      26
1345;      15
1346;      24
1347;      23
1348;      23
1349;      18
1350;      15
1351;      15
1352;      15
1353;      13
1354;      23
1355;      19
1356;      21
1357;      19
1358;      17
1359;       6
1360;      11
1361;      12
1362;      16
1363;      21
1364;      24
1365;      19
1366;      12
1367;      20
1368;      22
1369;      19
1370;      19
1371;      19
1372;      17
1373;      14
1374;      21
1375;      16
1376;      16
1377;      17
1378;       9
1379;      18
1380;      18
1381;      15
1382;      12
1383;      17
1384;      15
1385;      21
1386;      19
1387;      22
1388;      15
1389;      17
1390;      11
1391;       9
1392;      22
1393;      26
1394;      16
1395;      18
1396;      12
1397;      13
1398;      16
1399;      11
1400;      15
1401;      10
1402;      20
1403;      19
1404;      16
1405;      10
1406;      16
1407;      15
1408;      16
1409;      12
1410;       8
1411;       8
1412;      12
1413;      18
1414;      17
1415;      10
1416;      11
1417;      22
1418;      14
1419;      15
1420;      13
1421;      15
1422;      23
1423;      10
1424;      13
1425;      25
1426;       3
1427;      13
1428;      17
1429;      20
1430;      15
1431;      17
1432;      11
1433;      10
1434;      12
1435;      12
1436;      19
1437;      17
1438;      10
1439;      13
1440;      18
1441;      13
1442;      12
1443;      17
1444;      16
1445;      13
1446;      15
1447;       8
1448;      12
1449;      17
1450;      16
1451;      13
1452;      17
1453;       8
1454;       9
1455;      18
1456;      18
1457;      13
1458;      10
1459;      13
1460;      14
1461;      16
1462;      17
1463;       9
1464;       9
1465;      11
1466;      10
1467;      13
1468;      11
1469;      10
1470;       7
1471;       8
1472;       9
1473;      15
1474;      12
1475;      13
1476;      11
1477;      12
1478;      10
1479;      12
1480;      13
1481;      11
1482;      13
1483;      11
1484;       8
1485;      15
1486;       6
1487;      13
1488;      12
1489;      14
1490;       7
1491;      12
1492;       9
1493;      14
1494;      14
1495;       7
1496;      11
1497;      14
1498;      12
1499;      11
1500;       9
1501;       9
1502;       9
1503;       9
1504;      17
1505;      14
1506;      19
1507;       4
1508;       9
1509;      11
1510;      12
1511;      17
1512;       7
1513;      14
1514;       8
1515;       9
1516;       5
1517;      10
1518;      11
1519;      11
1520;      14
1521;      13
1522;      12
1523;       6
1524;       8
1525;       7
1526;       5
1527;      10
1528;      12
1529;      12
1530;      11
1531;       9
1532;       6
1533;       7
1534;      14
1535;      14
1536;      17
1537;       6
1538;       6
1539;       8
1540;      11
1541;      13
1542;       5
1543;      11
1544;       9
1545;       9
1546;      11
1547;      14
1548;       8
1549;      10
1550;      14
1551;       9
1552;      12
1553;      10
1554;      11
1555;       6
1556;       8
1557;       6
1558;       5
1559;      10
1560;       6
1561;      12
1562;      10
1563;       7
1564;       6
1565;       7
1566;       5
1567;       8
1568;      10
1569;       7
1570;       9
1571;      10
1572;       8
1573;      11
1574;       8
1575;       7
1576;      14
1577;       5
1578;      11
1579;       5
1580;      10
1581;      10
1582;      14
1583;      19
1584;      11
1585;      13
1586;      11
1587;      10
1588;      13
1589;      15
1590;       7
1591;      16
1592;       6
1593;       9
1594;      10
1595;       9
1596;       9
1597;      11
1598;       8
1599;       4
1600;       4
1601;      11
1602;      13
1603;      11
1604;      17
1605;      10
1606;      12
1607;      11
1608;      10
1609;       8
1610;      11
1611;       8
1612;      10
1613;       5
1614;       7
1615;      10
1616;       8
1617;       6
1618;       4
1619;       5
1620;       4
1621;       9
1622;       5
1623;       7
1624;       5
1625;       6
1626;       8
1627;       5
1628;       5
1629;       5
1630;       3
1631;       6
1632;       9
1633;       3
1634;       4
1635;       8
1636;       7
1637;      10
1638;       6
1639;       4
1640;       3
1641;       4
1642;       3
1643;       6
1644;       2
1645;       5
1646;       7
1647;       6
1648;       3
1649;       2
1650;       5
1651;       4
1652;       3
1653;       7
1654;       7
1655;       6
1656;       5
1657;       4
1658;       5
1659;       5
1660;       2
1661;       3
1662;       5
1663;       3
1664;       5
1665;       3
1666;       6
1667;       9
1668;       3
1669;       6
1670;       6
1671;       2
1672;       5
1673;       6
1674;       3
1675;       4
1676;       5
1677;       1
1678;       4
1679;       1
1680;       4
1681;       3
1682;       4
1683;       2
1684;       1
1685;       3
1686;       5
1687;       6
1688;       0
1689;       4
1690;       3
1691;       7
1692;       1
1693;       3
1694;       1
1695;       3
1696;       1
1697;       4
1698;       2
1699;       4
1700;       2
1701;       1
1702;       3
1703;       1
1704;       4
1705;       3
1706;       3
1707;       1
1708;       1
1709;       2
1710;       4
1711;       6
1712;       4
1713;       0
1714;       2
1715;       2
1716;       2
1717;       4
1718;       2
1719;       2
1720;       0
1721;       1
1722;       1
1723;       5
1724;       4
1725;       1
1726;       3
1727;       1
1728;       2
1729;       2
1730;       3
1731;       3
1732;       1
1733;       3
1734;       2
1735;       1
1736;       0
1737;       0
1738;       0
1739;       2
1740;       3
1741;       1
1742;       1
1743;       1
1744;       2
1745;       0
1746;       1
1747;       3
1748;       3
1749;       0
1750;       0
1751;       2
1752;       2
1753;       1
1754;       1
1755;       0
1756;       3
1757;       3
1758;       0
1759;       0
1760;       5
1761;       0
1762;       2
1763;       0
1764;       0
1765;       1
1766;       2
1767;       1
1768;       0
1769;       1
1770;       0
1771;       0
1772;       0
1773;       0
1774;       0
1775;       0
1776;       2
1777;       1
1778;       1
1779;       2
1780;       0
1781;       0
1782;       0
1783;       0
1784;       1
1785;       1
1786;       1
1787;       0
1788;       1
1789;       0
1790;       0
1791;       0
1792;       0
1793;       0
1794;       2
1795;       1
1796;       1
1797;       2
1798;       0
1799;       1
1800;       0
1801;       1
1802;       3
1803;       3
1804;       1
1805;       2
1806;       0
1807;       2
1808;       2
1809;       3
1810;       1
1811;       2
1812;       2
1813;       1
1814;       0
1815;       0
1816;       1
1817;       1
1818;       1
1819;       0
1820;       1
1821;       1
1822;       0
1823;       0
1824;       0
1825;       1
1826;       0
1827;       1
1828;       1
1829;       0
1830;       1
1831;       0
1832;       1
1833;       1
1834;       1
1835;       0
1836;       0
1837;       0
1838;       0
1839;       0
1840;       1
1841;       0
1842;       0
1843;       1
1844;       1
1845;       0
1846;       1
1847;       0
1848;       0
1849;       0
1850;       0
1851;       0
1852;       3
1853;       0
1854;       1
1855;       0
1856;       0
1857;       0
1858;       1
1859;       0
1860;       0
1861;       1
1862;       0
1863;       1
1864;       0
1865;       1
1866;       0
1867;       0
1868;       0
1869;       0
1870;       0
1871;       1
1872;       2
1873;       1
1874;       0
1875;       1
1876;       0
1877;       0
1878;       0
1879;       0
1880;       0
1881;       0
1882;       1
1883;       0
1884;       0
1885;       1
1886;       0
1887;       0
1888;       0
1889;       0
1890;       0
1891;       0
1892;       0
1893;       0
1894;       0
1895;       0
1896;       0
1897;       1
1898;       0
1899;       0
1900;       0
1901;       1
1902;       0
1903;       0
1904;       1
1905;       0
1906;       0
1907;       0
1908;       0
1909;       1
1910;       0
1911;       0
1912;       0
1913;       0
1914;       1
1915;       0
1916;       0
1917;       0
1918;       0
1919;       0
1920;       0
1921;       0
1922;       0
1923;       0
1924;       0
1925;       0
1926;       0
1927;       2
1928;       0
1929;       0
1930;       0
1931;       0
1932;       0
1933;       2
1934;       0
1935;       0
1936;       0
1937;       0
1938;       0
1939;       0
1940;       0
1941;       0
1942;       0
1943;       0
1944;       0
1945;       0
1946;       0
1947;       0
1948;       0
1949;       0
1950;       0
1951;       0
1952;       0
1953;       0
1954;       0
1955;       0
1956;       0
1957;       0
1958;       0
1959;       0
1960;       0
1961;       0
1962;       0
1963;       1
1964;       0
1965;       0
1966;       0
1967;       0
1968;       0
1969;       0
1970;       0
1971;       0
1972;       0
1973;       0
1974;       0
1975;       0
1976;       0
1977;       0
1978;       1
1979;       1
1980;       0
1981;       0
1982;       0
1983;       0
1984;       0
1985;       0
1986;       0
1987;       0
1988;       0
1989;       0
1990;       0
1991;       0
1992;       0
1993;       2
1994;       0
1995;       0
1996;       0
1997;       0
1998;       0
1999;       0
2000;       0
2001;       0
2002;       0
2003;       0
2004;       0
2005;       0
2006;       0
2007;       0
2008;       0
2009;       0
2010;       1
2011;       0
2012;       0
2013;       0
2014;       0
2015;       0
2016;       0
2017;       0
2018;       0
2019;       0
2020;       0
2021;       0
2022;       0
2023;       0
2024;       0
2025;       0
2026;       0
2027;       0
2028;       0
2029;       0
2030;       0
2031;       0
2032;       0
2033;       0
2034;       0
2035;       0
2036;       0
2037;       0
2038;       0
2039;       0
2040;       0
2041;       0
2042;       0
2043;       0
2044;       0
2045;       0
2046;       0
2047;       0
