   0;     845
   1;     685
   2;     494
   3;     257
   4;     114
   5;      47
   6;      14
   7;       1
   8;       1
   9;       1
  10;       1
  11;       0
  12;       0
  13;       0
  14;       0
  15;       1
  16;       0
  17;       0
  18;       0
  19;       0
  20;       0
  21;       0
  22;       0
  23;       0
  24;       0
  25;       0
  26;       0
  27;       0
  28;       0
  29;       3
  30;      43
  31;     105
  32;     152
  33;     160
  34;     189
  35;     195
  36;     178
  37;     168
  38;     167
  39;     176
  40;     161
  41;     161
  42;     150
  43;     159
  44;     164
  45;     158
  46;     150
  47;     172
  48;     168
  49;     166
  50;     170
  51;     162
  52;     153
  53;     142
  54;     134
  55;     154
  56;     155
  57;     139
  58;     146
  59;     142
  60;     168
  61;     151
  62;     136
  63;     138
  64;     156
  65;     149
  66;     124
  67;     141
  68;     119
  69;     123
  70;     154
  71;     138
  72;     143
  73;     143
  74;     157
  75;     130
  76;     130
  77;     152
  78;     145
  79;     124
  80;     110
  81;     124
  82;     145
  83;     120
  84;     104
  85;     112
  86;     120
  87;     141
  88;     112
  89;     150
  90;     139
  91;     117
  92;     134
  93;     134
  94;     125
  95;     120
  96;     121
  97;     149
  98;     131
  99;     150
 100;     158
 101;     119
 102;     137
 103;     156
 104;     135
 105;     134
 106;     139
 107;     137
 108;     152
 109;     149
 110;     165
 111;     221
 112;     243
 113;     272
 114;     332
 115;     308
 116;     333
 117;     287
 118;     263
 119;     258
 120;     228
 121;     203
 122;     209
 123;     201
 124;     209
 125;     218
 126;     245
 127;     257
 128;     351
 129;     462
 130;     607
 131;     843
 132;    1111
 133;    1278
 134;    1440
 135;    1323
 136;    1291
 137;    1114
 138;    1023
 139;     984
 140;     993
 141;    1039
 142;    1084
 143;    1134
 144;    1218
 145;    1332
 146;    1480
 147;    1456
 148;    1480
 149;    1258
 150;    1035
 151;     817
 152;     544
 153;     418
 154;     370
 155;     319
 156;     318
 157;     327
 158;     295
 159;     318
 160;     295
 161;     287
 162;     235
 163;     242
 164;     240
 165;     203
 166;     221
 167;     222
 168;     242
 169;     209
 170;     195
 171;     190
 172;     205
 173;     176
 174;     172
 175;     187
 176;     176
 177;     199
 178;     207
 179;     214
 180;     266
 181;     292
 182;     344
 183;     395
 184;     370
 185;     361
 186;     343
 187;     286
 188;     272
 189;     286
 190;     256
 191;     255
 192;     252
 193;     225
 194;     303
 195;     284
 196;     334
 197;     343
 198;     338
 199;     331
 200;     314
 201;     330
 202;     306
 203;     259
 204;     282
 205;     318
 206;     290
 207;     271
 208;     266
 209;     290
 210;     308
 211;     268
 212;     301
 213;     321
 214;     382
 215;     457
 216;     647
 217;     845
 218;    1234
 219;    1770
 220;    2240
 221;    2624
 222;    2971
 223;    3001
 224;    2695
 225;    2133
 226;    1763
 227;    1360
 228;     906
 229;     630
 230;     480
 231;     431
 232;     386
 233;     463
 234;     521
 235;     730
 236;     951
 237;    1266
 238;    1651
 239;    2002
 240;    2230
 241;    2281
 242;    2273
 243;    2016
 244;    1691
 245;    1456
 246;    1140
 247;     965
 248;     750
 249;     656
 250;     534
 251;     549
 252;     547
 253;     621
 254;     722
 255;     766
 256;     869
 257;     887
 258;     897
 259;     845
 260;     670
 261;     602
 262;     502
 263;     484
 264;     529
 265;     543
 266;     600
 267;     717
 268;     749
 269;     864
 270;     939
 271;     856
 272;     889
 273;     865
 274;     815
 275;     751
 276;     689
 277;     668
 278;     585
 279;     535
 280;     447
 281;     411
 282;     380
 283;     372
 284;     362
 285;     430
 286;     421
 287;     438
 288;     474
 289;     504
 290;     459
 291;     511
 292;     444
 293;     466
 294;     458
 295;     443
 296;     470
 297;     467
 298;     440
 299;     414
 300;     437
 301;     435
 302;     401
 303;     376
 304;     390
 305;     376
 306;     407
 307;     434
 308;     421
 309;     452
 310;     501
 311;     537
 312;     561
 313;     607
 314;     679
 315;     737
 316;     821
 317;     892
 318;     903
 319;     979
 320;     882
 321;     806
 322;     719
 323;     636
 324;     539
 325;     507
 326;     414
 327;     370
 328;     386
 329;     391
 330;     398
 331;     407
 332;     413
 333;     401
 334;     426
 335;     458
 336;     418
 337;     461
 338;     509
 339;     548
 340;     547
 341;     643
 342;     603
 343;     663
 344;     616
 345;     629
 346;     630
 347;     546
 348;     538
 349;     523
 350;     594
 351;     553
 352;     539
 353;     535
 354;     504
 355;     521
 356;     545
 357;     531
 358;     583
 359;     645
 360;     651
 361;     723
 362;     791
 363;     815
 364;     838
 365;     860
 366;     958
 367;     983
 368;    1073
 369;    1254
 370;    1311
 371;    1362
 372;    1365
 373;    1342
 374;    1116
 375;    1062
 376;     965
 377;     755
 378;     661
 379;     518
 380;     519
 381;     424
 382;     404
 383;     400
 384;     398
 385;     429
 386;     413
 387;     403
 388;     426
 389;     452
 390;     448
 391;     416
 392;     458
 393;     466
 394;     479
 395;     428
 396;     484
 397;     508
 398;     504
 399;     496
 400;     554
 401;     508
 402;     562
 403;     572
 404;     577
 405;     637
 406;     591
 407;     659
 408;     655
 409;     682
 410;     767
 411;     716
 412;     738
 413;     792
 414;     824
 415;     843
 416;     932
 417;    1069
 418;    1396
 419;    1941
 420;    3110
 421;    5073
 422;    8410
 423;   13492
 424;   20653
 425;   29639
 426;   41453
 427;   52995
 428;   63521
 429;   70199
 430;   73484
 431;   71071
 432;   63941
 433;   54258
 434;   42502
 435;   31287
 436;   21359
 437;   13743
 438;    8415
 439;    4968
 440;    2773
 441;    1597
 442;     975
 443;     675
 444;     578
 445;     476
 446;     407
 447;     411
 448;     427
 449;     401
 450;     461
 451;     468
 452;     474
 453;     558
 454;     618
 455;     744
 456;     729
 457;     772
 458;     770
 459;     743
 460;     783
 461;     716
 462;     666
 463;     710
 464;     722
 465;     715
 466;     822
 467;    1006
 468;    1366
 469;    1914
 470;    2760
 471;    3805
 472;    5157
 473;    6712
 474;    8270
 475;    9608
 476;   10516
 477;   10555
 478;   10114
 479;    9246
 480;    7810
 481;    6070
 482;    4609
 483;    3217
 484;    2270
 485;    1380
 486;     891
 487;     565
 488;     408
 489;     275
 490;     240
 491;     166
 492;     142
 493;     129
 494;     151
 495;     175
 496;     168
 497;     191
 498;     171
 499;     140
 500;     170
 501;     179
 502;     191
 503;     175
 504;     158
 505;     182
 506;     149
 507;     163
 508;     178
 509;     170
 510;     177
 511;     194
 512;     215
 513;     237
 514;     311
 515;     366
 516;     517
 517;     626
 518;     887
 519;    1122
 520;    1494
 521;    1900
 522;    2307
 523;    2722
 524;    2822
 525;    3027
 526;    3080
 527;    3019
 528;    2707
 529;    2274
 530;    1811
 531;    1440
 532;    1145
 533;     809
 534;     554
 535;     434
 536;     299
 537;     226
 538;     201
 539;     187
 540;     158
 541;     164
 542;     155
 543;     171
 544;     158
 545;     152
 546;     133
 547;     161
 548;     154
 549;     138
 550;     154
 551;     137
 552;     147
 553;     156
 554;     157
 555;     115
 556;     124
 557;     159
 558;     144
 559;     163
 560;     162
 561;     187
 562;     174
 563;     202
 564;     189
 565;     192
 566;     197
 567;     181
 568;     196
 569;     215
 570;     207
 571;     177
 572;     135
 573;     165
 574;     123
 575;     150
 576;     152
 577;     164
 578;     149
 579;     153
 580;     164
 581;     134
 582;     156
 583;     150
 584;     122
 585;     146
 586;     142
 587;     132
 588;     128
 589;     162
 590;     162
 591;     157
 592;     154
 593;     161
 594;     150
 595;     125
 596;     164
 597;     177
 598;     153
 599;     174
 600;     185
 601;     226
 602;     207
 603;     225
 604;     234
 605;     252
 606;     262
 607;     278
 608;     294
 609;     314
 610;     303
 611;     342
 612;     377
 613;     392
 614;     397
 615;     373
 616;     359
 617;     392
 618;     407
 619;     489
 620;     686
 621;     923
 622;    1266
 623;    1664
 624;    2055
 625;    2524
 626;    2994
 627;    3202
 628;    3497
 629;    3451
 630;    3342
 631;    3048
 632;    2683
 633;    2362
 634;    1783
 635;    1472
 636;    1240
 637;     921
 638;     649
 639;     579
 640;     484
 641;     418
 642;     377
 643;     332
 644;     283
 645;     262
 646;     297
 647;     300
 648;     244
 649;     277
 650;     261
 651;     264
 652;     250
 653;     203
 654;     194
 655;     165
 656;     148
 657;     133
 658;     130
 659;     130
 660;     129
 661;     113
 662;      91
 663;     109
 664;     113
 665;     141
 666;     115
 667;     109
 668;     122
 669;     121
 670;      98
 671;     102
 672;     104
 673;     114
 674;     104
 675;     107
 676;      97
 677;     102
 678;     100
 679;      95
 680;      89
 681;     103
 682;      98
 683;      98
 684;      99
 685;     114
 686;     104
 687;      80
 688;     105
 689;      94
 690;      89
 691;      93
 692;      95
 693;     101
 694;      98
 695;     106
 696;     103
 697;     117
 698;     121
 699;     106
 700;     143
 701;     129
 702;     143
 703;     142
 704;     163
 705;     152
 706;     138
 707;     157
 708;     137
 709;     142
 710;     131
 711;     122
 712;     105
 713;     106
 714;      96
 715;     117
 716;     120
 717;     107
 718;     107
 719;     105
 720;     109
 721;     104
 722;     120
 723;     105
 724;     123
 725;     142
 726;     129
 727;     149
 728;     228
 729;     266
 730;     334
 731;     400
 732;     485
 733;     496
 734;     505
 735;     619
 736;     532
 737;     548
 738;     529
 739;     487
 740;     437
 741;     340
 742;     246
 743;     221
 744;     205
 745;     182
 746;     144
 747;     178
 748;     139
 749;     167
 750;     176
 751;     195
 752;     201
 753;     225
 754;     255
 755;     221
 756;     258
 757;     198
 758;     243
 759;     182
 760;     167
 761;     212
 762;     153
 763;     131
 764;     131
 765;      95
 766;      96
 767;     102
 768;      85
 769;      88
 770;      87
 771;      92
 772;      86
 773;      72
 774;      92
 775;      76
 776;      69
 777;      78
 778;      89
 779;      98
 780;      73
 781;      84
 782;      91
 783;      91
 784;     106
 785;      91
 786;      95
 787;     102
 788;      86
 789;      81
 790;      74
 791;      96
 792;      81
 793;      76
 794;      80
 795;      78
 796;      73
 797;      91
 798;      60
 799;      72
 800;      60
 801;      70
 802;      61
 803;      67
 804;      71
 805;      79
 806;      71
 807;      64
 808;      68
 809;      73
 810;      74
 811;      52
 812;      64
 813;      83
 814;      80
 815;      72
 816;      68
 817;      72
 818;      60
 819;      53
 820;      63
 821;      68
 822;      66
 823;      85
 824;      71
 825;      67
 826;      66
 827;      72
 828;      78
 829;      50
 830;      76
 831;      60
 832;      69
 833;      75
 834;      73
 835;      61
 836;      69
 837;      64
 838;      67
 839;      58
 840;      77
 841;      86
 842;      51
 843;      73
 844;      75
 845;      64
 846;      72
 847;      64
 848;      76
 849;      84
 850;      63
 851;      84
 852;      78
 853;      85
 854;     106
 855;     118
 856;     125
 857;     142
 858;     152
 859;     172
 860;     185
 861;     182
 862;     186
 863;     153
 864;     140
 865;     143
 866;     155
 867;     118
 868;     100
 869;      94
 870;      81
 871;      76
 872;      68
 873;      69
 874;      73
 875;      55
 876;      72
 877;      53
 878;      56
 879;      73
 880;      65
 881;      71
 882;      64
 883;      58
 884;      69
 885;      77
 886;      56
 887;      61
 888;      68
 889;      66
 890;      60
 891;      61
 892;      67
 893;      77
 894;      81
 895;      60
 896;      63
 897;      75
 898;      67
 899;      64
 900;      83
 901;      77
 902;      84
 903;      80
 904;      91
 905;      93
 906;      98
 907;      97
 908;      89
 909;     105
 910;     109
 911;      92
 912;      90
 913;      97
 914;     100
 915;      91
 916;      87
 917;     117
 918;      93
 919;      87
 920;      90
 921;      90
 922;     107
 923;     121
 924;     110
 925;     120
 926;     111
 927;     144
 928;     117
 929;     137
 930;     142
 931;     144
 932;     140
 933;     167
 934;     173
 935;     169
 936;     181
 937;     181
 938;     184
 939;     176
 940;     193
 941;     192
 942;     196
 943;     178
 944;     203
 945;     206
 946;     216
 947;     217
 948;     215
 949;     199
 950;     185
 951;     168
 952;     191
 953;     178
 954;     184
 955;     168
 956;     172
 957;     172
 958;     162
 959;     158
 960;     137
 961;     141
 962;     136
 963;     131
 964;     119
 965;     119
 966;     116
 967;      94
 968;      86
 969;     102
 970;      88
 971;      72
 972;      81
 973;      77
 974;      68
 975;      63
 976;      62
 977;      69
 978;      63
 979;      55
 980;      64
 981;      67
 982;      57
 983;      65
 984;      61
 985;      53
 986;      53
 987;      60
 988;      62
 989;      68
 990;      57
 991;      64
 992;      47
 993;      65
 994;      69
 995;      81
 996;     111
 997;     107
 998;     114
 999;     126
1000;     164
1001;     136
1002;     165
1003;     167
1004;     143
1005;     170
1006;     166
1007;     174
1008;     186
1009;     165
1010;     142
1011;     111
1012;     130
1013;     103
1014;      85
1015;      78
1016;      70
1017;      70
1018;      54
1019;      47
1020;      52
1021;      54
1022;      55
1023;      45
1024;      50
1025;      44
1026;      48
1027;      50
1028;      42
1029;      55
1030;      52
1031;      50
1032;      51
1033;      49
1034;      42
1035;      52
1036;      54
1037;      58
1038;      73
1039;      63
1040;      76
1041;      58
1042;      75
1043;      77
1044;      69
1045;      77
1046;      91
1047;     100
1048;      78
1049;     120
1050;     106
1051;     114
1052;     113
1053;     103
1054;      98
1055;     124
1056;     107
1057;     119
1058;     104
1059;     106
1060;     117
1061;      93
1062;      84
1063;      78
1064;      71
1065;      59
1066;      67
1067;      53
1068;      57
1069;      63
1070;      58
1071;      60
1072;      47
1073;      64
1074;      50
1075;      43
1076;      43
1077;      49
1078;      41
1079;      37
1080;      40
1081;      46
1082;      30
1083;      50
1084;      41
1085;      46
1086;      59
1087;      40
1088;      27
1089;      34
1090;      35
1091;      29
1092;      48
1093;      48
1094;      30
1095;      33
1096;      47
1097;      41
1098;      28
1099;      46
1100;      38
1101;      26
1102;      37
1103;      30
1104;      30
1105;      33
1106;      36
1107;      37
1108;      42
1109;      27
1110;      37
1111;      34
1112;      35
1113;      35
1114;      39
1115;      33
1116;      43
1117;      33
1118;      31
1119;      33
1120;      33
1121;      28
1122;      37
1123;      31
1124;      30
1125;      38
1126;      53
1127;      57
1128;      48
1129;      45
1130;      50
1131;      47
1132;      50
1133;      37
1134;      45
1135;      62
1136;      41
1137;      29
1138;      45
1139;      42
1140;      37
1141;      45
1142;      27
1143;      28
1144;      34
1145;      31
1146;      27
1147;      30
1148;      33
1149;      27
1150;      30
1151;      25
1152;      30
1153;      39
1154;      29
1155;      31
1156;      28
1157;      33
1158;      19
1159;      40
1160;      32
1161;      25
1162;      29
1163;      30
1164;      36
1165;      32
1166;      30
1167;      26
1168;      21
1169;      33
1170;      22
1171;      22
1172;      18
1173;      22
1174;      23
1175;      20
1176;      36
1177;      19
1178;      18
1179;      26
1180;      38
1181;      38
1182;      34
1183;      35
1184;      40
1185;      37
1186;      31
1187;      25
1188;      28
1189;      31
1190;      25
1191;      40
1192;      35
1193;      30
1194;      29
1195;      30
1196;      20
1197;      29
1198;      29
1199;      21
1200;      12
1201;      26
1202;      30
1203;      31
1204;      20
1205;      19
1206;      24
1207;      23
1208;      33
1209;      32
1210;      25
1211;      22
1212;      20
1213;      27
1214;      28
1215;      22
1216;      24
1217;      20
1218;      34
1219;      18
1220;      30
1221;      13
1222;      18
1223;      22
1224;      21
1225;      25
1226;      24
1227;      23
1228;      22
1229;      26
1230;      23
1231;      27
1232;      25
1233;      19
1234;      34
1235;      20
1236;      17
1237;      20
1238;      23
1239;      29
1240;      15
1241;      35
1242;      21
1243;      20
1244;      24
1245;      34
1246;      23
1247;      32
1248;      21
1249;      16
1250;      22
1251;      25
1252;      23
1253;      21
1254;      31
1255;      23
1256;      25
1257;      13
1258;      18
1259;      26
1260;      26
1261;      21
1262;      27
1263;      28
1264;      26
1265;      26
1266;      15
1267;      19
1268;      13
1269;      25
1270;      23
1271;      15
1272;      30
1273;      19
1274;      19
1275;      17
1276;      18
1277;      30
1278;      20
1279;      32
1280;      15
1281;      14
1282;      16
1283;      23
1284;      21
1285;      21
1286;      17
1287;      22
1288;      12
1289;      14
1290;      21
1291;      25
1292;      24
1293;      16
1294;      18
1295;      21
1296;      23
1297;      24
1298;      19
1299;      18
1300;      24
1301;      17
1302;      20
1303;      21
1304;      19
1305;      18
1306;      17
1307;      13
1308;      19
1309;      16
1310;      22
1311;      17
1312;      24
1313;      17
1314;      29
1315;      21
1316;      16
1317;      16
1318;      20
1319;      16
1320;      21
1321;      15
1322;      13
1323;      12
1324;      16
1325;      18
1326;      29
1327;      12
1328;      16
1329;      18
1330;      14
1331;      17
1332;      19
1333;      12
1334;      17
1335;      12
1336;      17
1337;      17
1338;      21
1339;      16
1340;      21
1341;      19
1342;      14
1343;      15
1344;      18
1345;      14
1346;      14
1347;      16
1348;      15
1349;      12
1350;      17
1351;      13
1352;      22
1353;      17
1354;      14
1355;      23
1356;       9
1357;      13
1358;      21
1359;      10
1360;      24
1361;      25
1362;      21
1363;      18
1364;      17
1365;      13
1366;      15
1367;      17
1368;      16
1369;      18
1370;      20
1371;      23
1372;      12
1373;      20
1374;      19
1375;      21
1376;      19
1377;      18
1378;      15
1379;      17
1380;      11
1381;      20
1382;      13
1383;      15
1384;      17
1385;      15
1386;      13
1387;      15
1388;      15
1389;      10
1390;      10
1391;      14
1392;      14
1393;      17
1394;      14
1395;      10
1396;      13
1397;      21
1398;      10
1399;      11
1400;      12
1401;      13
1402;      11
1403;      14
1404;      14
1405;      12
1406;      19
1407;      17
1408;      13
1409;      13
1410;      11
1411;      15
1412;      14
1413;      19
1414;      16
1415;      17
1416;      10
1417;       9
1418;      14
1419;       9
1420;      17
1421;      16
1422;      11
1423;      20
1424;      11
1425;      16
1426;      15
1427;      11
1428;       9
1429;      10
1430;      13
1431;      10
1432;      15
1433;      18
1434;      13
1435;       8
1436;      14
1437;      13
1438;      10
1439;       5
1440;      15
1441;       6
1442;      15
1443;      13
1444;       7
1445;      10
1446;       8
1447;      12
1448;       7
1449;      11
1450;      14
1451;      13
1452;       9
1453;       8
1454;      18
1455;       8
1456;      20
1457;      14
1458;       6
1459;      16
1460;      10
1461;       9
1462;      14
1463;      12
1464;       9
1465;      10
1466;       6
1467;      11
1468;      11
1469;      16
1470;      14
1471;      13
1472;      12
1473;       9
1474;      19
1475;      11
1476;       7
1477;      14
1478;      10
1479;      11
1480;       9
1481;       8
1482;      10
1483;      10
1484;      14
1485;      18
1486;       8
1487;      10
1488;       8
1489;      11
1490;      12
1491;      10
1492;      11
1493;      16
1494;      12
1495;      13
1496;       8
1497;      13
1498;       5
1499;      15
1500;      13
1501;      12
1502;      11
1503;      12
1504;      11
1505;      12
1506;       7
1507;       8
1508;      10
1509;       8
1510;       4
1511;       7
1512;      12
1513;       7
1514;       9
1515;       8
1516;      10
1517;      11
1518;       7
1519;       9
1520;       9
1521;      11
1522;       7
1523;      10
1524;       9
1525;       8
1526;       9
1527;      11
1528;      10
1529;       4
1530;      13
1531;       9
1532;       7
1533;      11
1534;      13
1535;       6
1536;       9
1537;       9
1538;       3
1539;       5
1540;      11
1541;       3
1542;       8
1543;       5
1544;       4
1545;       8
1546;       5
1547;      10
1548;      10
1549;       8
1550;       7
1551;      10
1552;      10
1553;      14
1554;      10
1555;      12
1556;       4
1557;       4
1558;       9
1559;       2
1560;      10
1561;      10
1562;       5
1563;       5
1564;       8
1565;       7
1566;       7
1567;       9
1568;       6
1569;      11
1570;       8
1571;       8
1572;       6
1573;      15
1574;       8
1575;       8
1576;      10
1577;       6
1578;      11
1579;       7
1580;      13
1581;       9
1582;      17
1583;      15
1584;      12
1585;      12
1586;      19
1587;      12
1588;      12
1589;       9
1590;      14
1591;       8
1592;      10
1593;      12
1594;      13
1595;       9
1596;       9
1597;       5
1598;      12
1599;      13
1600;      14
1601;      14
1602;      11
1603;       9
1604;      20
1605;      18
1606;      12
1607;      23
1608;       6
1609;       8
1610;      12
1611;      11
1612;       9
1613;       8
1614;       7
1615;       8
1616;      12
1617;       6
1618;      10
1619;      10
1620;       4
1621;       2
1622;       6
1623;       7
1624;       7
1625;       5
1626;       4
1627;       6
1628;       2
1629;       5
1630;       9
1631;       5
1632;       8
1633;       7
1634;       7
1635;       4
1636;       7
1637;      12
1638;       2
1639;       6
1640;       4
1641;       6
1642;       3
1643;       4
1644;       5
1645;       6
1646;       6
1647;       2
1648;       8
1649;       4
1650;       5
1651;       5
1652;       5
1653;       5
1654;       3
1655;       2
1656;       5
1657;       2
1658;       2
1659;       3
1660;       8
1661;       6
1662;       4
1663;       6
1664;       1
1665;       7
1666;       5
1667;       6
1668;       3
1669;       8
1670;       8
1671;       4
1672;       4
1673;       2
1674;       3
1675;       6
1676;       5
1677;       1
1678;       3
1679;       1
1680;       4
1681;       2
1682;       5
1683;       3
1684;       7
1685;       1
1686;       3
1687;       3
1688;       2
1689;       1
1690;       1
1691;       2
1692;       2
1693;       3
1694;       4
1695;       3
1696;       1
1697;       4
1698;       1
1699;       2
1700;       4
1701;       0
1702;       4
1703;       2
1704;       4
1705;       1
1706;       6
1707;       2
1708;       1
1709;       6
1710;       3
1711;       2
1712;       1
1713;       2
1714;       5
1715;       2
1716;       2
1717;       5
1718;       2
1719;       2
1720;       0
1721;       2
1722;       2
1723;       1
1724;       4
1725;       1
1726;       3
1727;       0
1728;       0
1729;       1
1730;       1
1731;       2
1732;       0
1733;       0
1734;       1
1735;       0
1736;       2
1737;       3
1738;       0
1739;       1
1740;       2
1741;       2
1742;       1
1743;       1
1744;       1
1745;       2
1746;       1
1747;       0
1748;       1
1749;       1
1750;       1
1751;       0
1752;       1
1753;       0
1754;       1
1755;       0
1756;       2
1757;       0
1758;       1
1759;       0
1760;       0
1761;       0
1762;       1
1763;       0
1764;       0
1765;       1
1766;       1
1767;       1
1768;       1
1769;       1
1770;       0
1771;       1
1772;       1
1773;       2
1774;       2
1775;       2
1776;       2
1777;       0
1778;       0
1779;       1
1780;       0
1781;       1
1782;       1
1783;       0
1784;       0
1785;       1
1786;       0
1787;       0
1788;       2
1789;       0
1790;       0
1791;       1
1792;       0
1793;       0
1794;       1
1795;       1
1796;       0
1797;       0
1798;       1
1799;       0
1800;       2
1801;       0
1802;       0
1803;       2
1804;       0
1805;       1
1806;       3
1807;       0
1808;       2
1809;       3
1810;       2
1811;       1
1812;       0
1813;       3
1814;       1
1815;       1
1816;       3
1817;       1
1818;       3
1819;       2
1820;       0
1821;       0
1822;       1
1823;       0
1824;       1
1825;       1
1826;       0
1827;       0
1828;       0
1829;       3
1830;       2
1831;       0
1832;       0
1833;       0
1834;       0
1835;       0
1836;       1
1837;       1
1838;       0
1839;       1
1840;       0
1841;       0
1842;       0
1843;       1
1844;       0
1845;       0
1846;       2
1847;       1
1848;       0
1849;       0
1850;       1
1851;       1
1852;       0
1853;       1
1854;       0
1855;       0
1856;       0
1857;       0
1858;       2
1859;       1
1860;       1
1861;       0
1862;       1
1863;       2
1864;       0
1865;       1
1866;       0
1867;       0
1868;       1
1869;       0
1870;       0
1871;       1
1872;       0
1873;       0
1874;       0
1875;       0
1876;       0
1877;       0
1878;       0
1879;       0
1880;       0
1881;       0
1882;       0
1883;       0
1884;       0
1885;       0
1886;       0
1887;       0
1888;       0
1889;       0
1890;       0
1891;       1
1892;       2
1893;       0
1894;       2
1895;       2
1896;       0
1897;       0
1898;       0
1899;       0
1900;       0
1901;       1
1902;       0
1903;       0
1904;       2
1905;       0
1906;       0
1907;       0
1908;       1
1909;       0
1910;       0
1911;       1
1912;       0
1913;       0
1914;       0
1915;       0
1916;       0
1917;       0
1918;       0
1919;       0
1920;       0
1921;       0
1922;       0
1923;       0
1924;       0
1925;       0
1926;       0
1927;       0
1928;       0
1929;       0
1930;       0
1931;       0
1932;       0
1933;       0
1934;       0
1935;       1
1936;       0
1937;       0
1938;       2
1939;       0
1940;       0
1941;       0
1942;       0
1943;       1
1944;       0
1945;       0
1946;       0
1947;       0
1948;       0
1949;       0
1950;       0
1951;       0
1952;       0
1953;       0
1954;       0
1955;       0
1956;       0
1957;       0
1958;       0
1959;       0
1960;       0
1961;       0
1962;       1
1963;       0
1964;       0
1965;       0
1966;       0
1967;       0
1968;       0
1969;       0
1970;       0
1971;       0
1972;       1
1973;       0
1974;       0
1975;       0
1976;       0
1977;       0
1978;       0
1979;       0
1980;       0
1981;       0
1982;       0
1983;       0
1984;       0
1985;       0
1986;       0
1987;       0
1988;       0
1989;       1
1990;       0
1991;       0
1992;       0
1993;       0
1994;       0
1995;       0
1996;       0
1997;       0
1998;       0
1999;       0
2000;       0
2001;       0
2002;       0
2003;       0
2004;       0
2005;       0
2006;       0
2007;       0
2008;       0
2009;       1
2010;       0
2011;       0
2012;       0
2013;       0
2014;       0
2015;       0
2016;       0
2017;       0
2018;       0
2019;       0
2020;       0
2021;       0
2022;       0
2023;       0
2024;       0
2025;       0
2026;       0
2027;       0
2028;       0
2029;       0
2030;       0
2031;       0
2032;       0
2033;       0
2034;       0
2035;       0
2036;       0
2037;       0
2038;       0
2039;       0
2040;       0
2041;       0
2042;       0
2043;       0
2044;       0
2045;       0
2046;       0
2047;       0
