   0;    2042
   1;    1666
   2;    1067
   3;     575
   4;     306
   5;      91
   6;      23
   7;       9
   8;       4
   9;       0
  10;       0
  11;       0
  12;       0
  13;       0
  14;       1
  15;       0
  16;       0
  17;       0
  18;       1
  19;       1
  20;       0
  21;       0
  22;       0
  23;       0
  24;       0
  25;       0
  26;       0
  27;       0
  28;       0
  29;       6
  30;      71
  31;     154
  32;     235
  33;     264
  34;     283
  35;     224
  36;     248
  37;     261
  38;     270
  39;     239
  40;     216
  41;     259
  42;     242
  43;     258
  44;     234
  45;     249
  46;     267
  47;     242
  48;     258
  49;     231
  50;     260
  51;     247
  52;     210
  53;     241
  54;     218
  55;     261
  56;     221
  57;     202
  58;     257
  59;     244
  60;     225
  61;     261
  62;     233
  63;     230
  64;     190
  65;     182
  66;     215
  67;     186
  68;     189
  69;     190
  70;     211
  71;     190
  72;     241
  73;     223
  74;     200
  75;     173
  76;     187
  77;     168
  78;     210
  79;     204
  80;     187
  81;     199
  82;     189
  83;     207
  84;     239
  85;     211
  86;     265
  87;     218
  88;     215
  89;     199
  90;     239
  91;     209
  92;     190
  93;     186
  94;     173
  95;     216
  96;     208
  97;     218
  98;     239
  99;     208
 100;     235
 101;     214
 102;     224
 103;     230
 104;     246
 105;     231
 106;     216
 107;     243
 108;     219
 109;     238
 110;     283
 111;     296
 112;     350
 113;     374
 114;     484
 115;     503
 116;     500
 117;     463
 118;     414
 119;     396
 120;     366
 121;     386
 122;     385
 123;     319
 124;     359
 125;     420
 126;     420
 127;     503
 128;     668
 129;     938
 130;    1339
 131;    1819
 132;    2297
 133;    2806
 134;    3207
 135;    3092
 136;    2865
 137;    2503
 138;    2238
 139;    2200
 140;    2182
 141;    2306
 142;    2327
 143;    2456
 144;    2902
 145;    3235
 146;    3400
 147;    3535
 148;    3325
 149;    2930
 150;    2337
 151;    1766
 152;    1313
 153;    1005
 154;     721
 155;     725
 156;     742
 157;     744
 158;     757
 159;     696
 160;     682
 161;     620
 162;     538
 163;     571
 164;     514
 165;     510
 166;     546
 167;     497
 168;     456
 169;     450
 170;     439
 171;     369
 172;     369
 173;     405
 174;     349
 175;     376
 176;     386
 177;     377
 178;     448
 179;     455
 180;     620
 181;     665
 182;     822
 183;     863
 184;     868
 185;     857
 186;     818
 187;     701
 188;     637
 189;     561
 190;     537
 191;     441
 192;     465
 193;     490
 194;     486
 195;     517
 196;     544
 197;     559
 198;     595
 199;     590
 200;     606
 201;     611
 202;     580
 203;     540
 204;     500
 205;     487
 206;     476
 207;     518
 208;     459
 209;     458
 210;     501
 211;     461
 212;     491
 213;     511
 214;     535
 215;     654
 216;     772
 217;    1097
 218;    1429
 219;    1824
 220;    2321
 221;    2840
 222;    3063
 223;    3093
 224;    2922
 225;    2532
 226;    2059
 227;    1519
 228;    1144
 229;     855
 230;     748
 231;     619
 232;     626
 233;     621
 234;     730
 235;     799
 236;    1083
 237;    1373
 238;    1765
 239;    2030
 240;    2239
 241;    2440
 242;    2241
 243;    2194
 244;    1944
 245;    1661
 246;    1402
 247;    1142
 248;    1032
 249;     874
 250;     818
 251;     716
 252;     776
 253;     783
 254;     918
 255;    1032
 256;    1107
 257;    1124
 258;    1077
 259;    1095
 260;     922
 261;     879
 262;     781
 263;     791
 264;     777
 265;     865
 266;     974
 267;    1149
 268;    1298
 269;    1417
 270;    1392
 271;    1430
 272;    1354
 273;    1305
 274;    1193
 275;    1053
 276;     954
 277;     927
 278;     867
 279;     736
 280;     713
 281;     686
 282;     640
 283;     608
 284;     681
 285;     629
 286;     713
 287;     794
 288;     790
 289;     755
 290;     788
 291;     832
 292;     828
 293;     836
 294;     828
 295;     795
 296;     734
 297;     821
 298;     773
 299;     706
 300;     686
 301;     697
 302;     701
 303;     687
 304;     708
 305;     714
 306;     704
 307;     738
 308;     820
 309;     844
 310;     903
 311;     976
 312;    1100
 313;    1129
 314;    1307
 315;    1444
 316;    1588
 317;    1712
 318;    1821
 319;    1817
 320;    1721
 321;    1551
 322;    1391
 323;    1227
 324;    1033
 325;     862
 326;     801
 327;     748
 328;     714
 329;     696
 330;     710
 331;     734
 332;     722
 333;     687
 334;     733
 335;     665
 336;     740
 337;     732
 338;     825
 339;     871
 340;     906
 341;     949
 342;     901
 343;    1023
 344;    1058
 345;    1025
 346;    1024
 347;    1037
 348;     960
 349;     938
 350;     980
 351;     919
 352;     987
 353;     952
 354;     946
 355;     990
 356;    1016
 357;    1014
 358;    1125
 359;    1108
 360;    1196
 361;    1328
 362;    1460
 363;    1512
 364;    1578
 365;    1623
 366;    1785
 367;    1870
 368;    1944
 369;    2259
 370;    2295
 371;    2414
 372;    2489
 373;    2405
 374;    2086
 375;    1877
 376;    1693
 377;    1372
 378;    1095
 379;     899
 380;     802
 381;     742
 382;     682
 383;     672
 384;     630
 385;     647
 386;     600
 387;     657
 388;     624
 389;     696
 390;     677
 391;     653
 392;     703
 393;     692
 394;     721
 395;     730
 396;     736
 397;     834
 398;     790
 399;     911
 400;     896
 401;     869
 402;     918
 403;     896
 404;     850
 405;     896
 406;     913
 407;     922
 408;     922
 409;     927
 410;     928
 411;     977
 412;     952
 413;     985
 414;    1015
 415;     969
 416;    1039
 417;    1165
 418;    1207
 419;    1526
 420;    2252
 421;    3389
 422;    5422
 423;    8547
 424;   13303
 425;   19177
 426;   26856
 427;   34951
 428;   41756
 429;   47509
 430;   50416
 431;   49645
 432;   45853
 433;   39201
 434;   31227
 435;   23833
 436;   16634
 437;   10939
 438;    6833
 439;    4203
 440;    2489
 441;    1572
 442;     977
 443;     831
 444;     687
 445;     644
 446;     600
 447;     636
 448;     623
 449;     668
 450;     648
 451;     770
 452;     807
 453;     883
 454;    1003
 455;    1181
 456;    1227
 457;    1347
 458;    1420
 459;    1333
 460;    1278
 461;    1177
 462;    1111
 463;    1087
 464;     968
 465;     855
 466;     936
 467;    1014
 468;    1224
 469;    1505
 470;    2020
 471;    2614
 472;    3561
 473;    4526
 474;    5541
 475;    6575
 476;    7334
 477;    7543
 478;    7343
 479;    6634
 480;    5866
 481;    4604
 482;    3641
 483;    2815
 484;    2043
 485;    1369
 486;     910
 487;     716
 488;     600
 489;     492
 490;     400
 491;     390
 492;     413
 493;     453
 494;     413
 495;     405
 496;     429
 497;     433
 498;     459
 499;     435
 500;     433
 501;     388
 502;     397
 503;     445
 504;     443
 505;     418
 506;     397
 507;     476
 508;     479
 509;     454
 510;     504
 511;     531
 512;     593
 513;     692
 514;     833
 515;    1090
 516;    1443
 517;    2025
 518;    2672
 519;    3594
 520;    4779
 521;    6272
 522;    7524
 523;    9187
 524;   10358
 525;   11178
 526;   11227
 527;   10858
 528;    9945
 529;    8565
 530;    6981
 531;    5493
 532;    3957
 533;    2920
 534;    2114
 535;    1414
 536;     954
 537;     759
 538;     602
 539;     499
 540;     454
 541;     440
 542;     413
 543;     400
 544;     415
 545;     415
 546;     396
 547;     388
 548;     367
 549;     344
 550;     361
 551;     380
 552;     349
 553;     317
 554;     348
 555;     386
 556;     376
 557;     385
 558;     437
 559;     410
 560;     396
 561;     443
 562;     465
 563;     471
 564;     530
 565;     546
 566;     520
 567;     509
 568;     485
 569;     502
 570;     478
 571;     425
 572;     411
 573;     373
 574;     370
 575;     385
 576;     362
 577;     381
 578;     362
 579;     367
 580;     376
 581;     379
 582;     363
 583;     374
 584;     366
 585;     387
 586;     370
 587;     376
 588;     397
 589;     374
 590;     380
 591;     402
 592;     400
 593;     408
 594;     386
 595;     389
 596;     384
 597;     398
 598;     464
 599;     451
 600;     452
 601;     535
 602;     547
 603;     580
 604;     612
 605;     650
 606;     658
 607;     765
 608;     759
 609;     821
 610;     895
 611;     899
 612;     918
 613;     951
 614;     960
 615;     979
 616;     939
 617;    1033
 618;    1139
 619;    1323
 620;    1604
 621;    2143
 622;    2903
 623;    3863
 624;    5074
 625;    6239
 626;    7427
 627;    8406
 628;    9172
 629;    9228
 630;    9229
 631;    8605
 632;    7620
 633;    6631
 634;    5508
 635;    4340
 636;    3252
 637;    2745
 638;    2047
 639;    1636
 640;    1308
 641;    1097
 642;     931
 643;     864
 644;     735
 645;     697
 646;     718
 647;     667
 648;     692
 649;     671
 650;     659
 651;     600
 652;     608
 653;     542
 654;     446
 655;     413
 656;     373
 657;     343
 658;     323
 659;     336
 660;     340
 661;     292
 662;     294
 663;     301
 664;     306
 665;     271
 666;     259
 667;     280
 668;     249
 669;     248
 670;     232
 671;     248
 672;     278
 673;     250
 674;     250
 675;     233
 676;     244
 677;     231
 678;     245
 679;     192
 680;     228
 681;     241
 682;     223
 683;     235
 684;     208
 685;     201
 686;     246
 687;     239
 688;     219
 689;     251
 690;     211
 691;     239
 692;     223
 693;     218
 694;     211
 695;     251
 696;     249
 697;     215
 698;     262
 699;     241
 700;     276
 701;     306
 702;     305
 703;     290
 704;     305
 705;     343
 706;     321
 707;     311
 708;     307
 709;     285
 710;     296
 711;     307
 712;     306
 713;     276
 714;     288
 715;     269
 716;     266
 717;     264
 718;     260
 719;     240
 720;     238
 721;     239
 722;     255
 723;     239
 724;     268
 725;     279
 726;     348
 727;     402
 728;     483
 729;     569
 730;     663
 731;     836
 732;     915
 733;    1113
 734;    1285
 735;    1238
 736;    1343
 737;    1266
 738;    1222
 739;    1189
 740;     960
 741;     796
 742;     689
 743;     582
 744;     468
 745;     411
 746;     363
 747;     334
 748;     358
 749;     369
 750;     410
 751;     459
 752;     461
 753;     495
 754;     507
 755;     508
 756;     562
 757;     511
 758;     510
 759;     513
 760;     450
 761;     356
 762;     370
 763;     305
 764;     285
 765;     257
 766;     239
 767;     211
 768;     191
 769;     176
 770;     175
 771;     217
 772;     160
 773;     176
 774;     179
 775;     186
 776;     203
 777;     188
 778;     182
 779;     180
 780;     204
 781;     197
 782;     209
 783;     211
 784;     209
 785;     205
 786;     204
 787;     199
 788;     203
 789;     202
 790;     193
 791;     193
 792;     201
 793;     154
 794;     170
 795;     163
 796;     174
 797;     165
 798;     171
 799;     164
 800;     170
 801;     151
 802;     161
 803;     158
 804;     153
 805;     173
 806;     173
 807;     147
 808;     152
 809;     150
 810;     144
 811;     155
 812;     147
 813;     155
 814;     159
 815;     136
 816;     175
 817;     154
 818;     163
 819;     131
 820;     146
 821;     150
 822;     173
 823;     141
 824;     134
 825;     146
 826;     169
 827;     139
 828;     138
 829;     149
 830;     123
 831;     163
 832;     147
 833;     159
 834;     154
 835;     140
 836;     132
 837;     157
 838;     159
 839;     159
 840;     149
 841;     164
 842;     145
 843;     143
 844;     137
 845;     122
 846;     133
 847;     150
 848;     146
 849;     158
 850;     153
 851;     158
 852;     162
 853;     159
 854;     166
 855;     149
 856;     146
 857;     156
 858;     178
 859;     172
 860;     171
 861;     156
 862;     171
 863;     146
 864;     193
 865;     176
 866;     162
 867;     135
 868;     153
 869;     158
 870;     149
 871;     137
 872;     164
 873;     167
 874;     149
 875;     163
 876;     171
 877;     170
 878;     137
 879;     149
 880;     165
 881;     154
 882;     158
 883;     147
 884;     161
 885;     163
 886;     162
 887;     151
 888;     144
 889;     148
 890;     167
 891;     153
 892;     155
 893;     167
 894;     167
 895;     154
 896;     161
 897;     167
 898;     170
 899;     179
 900;     166
 901;     161
 902;     194
 903;     186
 904;     145
 905;     169
 906;     197
 907;     172
 908;     181
 909;     192
 910;     180
 911;     202
 912;     206
 913;     218
 914;     240
 915;     209
 916;     248
 917;     224
 918;     249
 919;     267
 920;     257
 921;     276
 922;     303
 923;     300
 924;     322
 925;     333
 926;     377
 927;     295
 928;     378
 929;     392
 930;     397
 931;     420
 932;     431
 933;     407
 934;     446
 935;     472
 936;     431
 937;     444
 938;     464
 939;     531
 940;     441
 941;     444
 942;     484
 943;     483
 944;     452
 945;     474
 946;     489
 947;     492
 948;     463
 949;     438
 950;     467
 951;     438
 952;     441
 953;     387
 954;     425
 955;     401
 956;     368
 957;     369
 958;     352
 959;     313
 960;     327
 961;     320
 962;     334
 963;     319
 964;     278
 965;     285
 966;     259
 967;     255
 968;     247
 969;     221
 970;     188
 971;     212
 972;     191
 973;     206
 974;     196
 975;     164
 976;     167
 977;     181
 978;     181
 979;     147
 980;     146
 981;     157
 982;     161
 983;     137
 984;     157
 985;     141
 986;     125
 987;     138
 988;     150
 989;     144
 990;     162
 991;     154
 992;     170
 993;     174
 994;     149
 995;     171
 996;     206
 997;     218
 998;     201
 999;     231
1000;     265
1001;     273
1002;     263
1003;     337
1004;     332
1005;     330
1006;     304
1007;     307
1008;     337
1009;     286
1010;     320
1011;     236
1012;     248
1013;     204
1014;     203
1015;     165
1016;     149
1017;     155
1018;     115
1019;     151
1020;     115
1021;     125
1022;     122
1023;     134
1024;     119
1025;     118
1026;     121
1027;     116
1028;     115
1029;     117
1030;     135
1031;     132
1032;     135
1033;     122
1034;     134
1035;     158
1036;     151
1037;     149
1038;     153
1039;     171
1040;     178
1041;     156
1042;     164
1043;     214
1044;     197
1045;     196
1046;     228
1047;     266
1048;     271
1049;     257
1050;     288
1051;     308
1052;     285
1053;     276
1054;     322
1055;     271
1056;     289
1057;     290
1058;     243
1059;     258
1060;     266
1061;     222
1062;     225
1063;     201
1064;     186
1065;     170
1066;     160
1067;     166
1068;     129
1069;     146
1070;     111
1071;     130
1072;     127
1073;     116
1074;     133
1075;     121
1076;     120
1077;     122
1078;     108
1079;     123
1080;     121
1081;     106
1082;     110
1083;     102
1084;     116
1085;      91
1086;      94
1087;     106
1088;      84
1089;      95
1090;      91
1091;      83
1092;      83
1093;     107
1094;      94
1095;      92
1096;      90
1097;     101
1098;      90
1099;      82
1100;      94
1101;      76
1102;      87
1103;      79
1104;      96
1105;     101
1106;      91
1107;      74
1108;      85
1109;      83
1110;      74
1111;      91
1112;      78
1113;      84
1114;      92
1115;      78
1116;      70
1117;      78
1118;      88
1119;      82
1120;     102
1121;     106
1122;      90
1123;      82
1124;      72
1125;      82
1126;      86
1127;      85
1128;      86
1129;     103
1130;      91
1131;     117
1132;      99
1133;     121
1134;     101
1135;     105
1136;      98
1137;      96
1138;     109
1139;      94
1140;     131
1141;      92
1142;      98
1143;     103
1144;     109
1145;     100
1146;     114
1147;     101
1148;     103
1149;     117
1150;     121
1151;     130
1152;     121
1153;     132
1154;     122
1155;     114
1156;     102
1157;     105
1158;     108
1159;     107
1160;     117
1161;      90
1162;     101
1163;      86
1164;      72
1165;      89
1166;      77
1167;      96
1168;      68
1169;      79
1170;      73
1171;      70
1172;      77
1173;      61
1174;      54
1175;      81
1176;      67
1177;      71
1178;      62
1179;      84
1180;      63
1181;      71
1182;      84
1183;      87
1184;      78
1185;      87
1186;      91
1187;      85
1188;      89
1189;      87
1190;      86
1191;      81
1192;      78
1193;      79
1194;      78
1195;      64
1196;      94
1197;      67
1198;      65
1199;      65
1200;      68
1201;      72
1202;      78
1203;      71
1204;      57
1205;      67
1206;      67
1207;      61
1208;      56
1209;      67
1210;      57
1211;      55
1212;      61
1213;      70
1214;      63
1215;      85
1216;      58
1217;      55
1218;      63
1219;      60
1220;      58
1221;      74
1222;      48
1223;      56
1224;      66
1225;      72
1226;      61
1227;      55
1228;      66
1229;      61
1230;      61
1231;      66
1232;      59
1233;      54
1234;      51
1235;      38
1236;      64
1237;      66
1238;      52
1239;      47
1240;      57
1241;      60
1242;      56
1243;      51
1244;      51
1245;      51
1246;      66
1247;      74
1248;      59
1249;      54
1250;      57
1251;      59
1252;      50
1253;      67
1254;      43
1255;      52
1256;      56
1257;      48
1258;      67
1259;      49
1260;      65
1261;      53
1262;      57
1263;      40
1264;      64
1265;      47
1266;      40
1267;      52
1268;      39
1269;      50
1270;      58
1271;      41
1272;      60
1273;      40
1274;      45
1275;      42
1276;      43
1277;      53
1278;      50
1279;      36
1280;      44
1281;      53
1282;      56
1283;      44
1284;      56
1285;      53
1286;      42
1287;      35
1288;      47
1289;      49
1290;      60
1291;      56
1292;      63
1293;      41
1294;      43
1295;      51
1296;      53
1297;      48
1298;      60
1299;      45
1300;      45
1301;      53
1302;      53
1303;      56
1304;      51
1305;      50
1306;      44
1307;      49
1308;      59
1309;      52
1310;      56
1311;      58
1312;      37
1313;      53
1314;      50
1315;      50
1316;      58
1317;      42
1318;      42
1319;      44
1320;      44
1321;      43
1322;      49
1323;      34
1324;      46
1325;      41
1326;      47
1327;      49
1328;      43
1329;      46
1330;      47
1331;      46
1332;      43
1333;      45
1334;      45
1335;      56
1336;      44
1337;      54
1338;      46
1339;      40
1340;      44
1341;      49
1342;      35
1343;      36
1344;      33
1345;      42
1346;      39
1347;      48
1348;      38
1349;      39
1350;      42
1351;      48
1352;      40
1353;      37
1354;      43
1355;      39
1356;      39
1357;      46
1358;      37
1359;      36
1360;      37
1361;      39
1362;      32
1363;      50
1364;      49
1365;      39
1366;      38
1367;      37
1368;      46
1369;      56
1370;      23
1371;      51
1372;      34
1373;      43
1374;      44
1375;      36
1376;      38
1377;      37
1378;      39
1379;      37
1380;      37
1381;      38
1382;      31
1383;      52
1384;      37
1385;      30
1386;      38
1387;      42
1388;      41
1389;      33
1390;      46
1391;      44
1392;      26
1393;      35
1394;      35
1395;      39
1396;      30
1397;      43
1398;      34
1399;      39
1400;      31
1401;      19
1402;      44
1403;      35
1404;      34
1405;      36
1406;      38
1407;      32
1408;      36
1409;      33
1410;      36
1411;      28
1412;      42
1413;      32
1414;      34
1415;      28
1416;      40
1417;      36
1418;      27
1419;      28
1420;      34
1421;      40
1422;      34
1423;      38
1424;      28
1425;      31
1426;      30
1427;      29
1428;      22
1429;      30
1430;      29
1431;      37
1432;      23
1433;      39
1434;      29
1435;      35
1436;      37
1437;      31
1438;      34
1439;      40
1440;      42
1441;      30
1442;      40
1443;      30
1444;      35
1445;      26
1446;      29
1447;      31
1448;      28
1449;      26
1450;      37
1451;      25
1452;      27
1453;      29
1454;      28
1455;      28
1456;      27
1457;      26
1458;      36
1459;      31
1460;      28
1461;      39
1462;      31
1463;      30
1464;      33
1465;      25
1466;      22
1467;      26
1468;      29
1469;      26
1470;      32
1471;      41
1472;      29
1473;      31
1474;      20
1475;      24
1476;      33
1477;      26
1478;      30
1479;      37
1480;      41
1481;      26
1482;      25
1483;      21
1484;      25
1485;      21
1486;      21
1487;      25
1488;      20
1489;      21
1490;      30
1491;      21
1492;      24
1493;      18
1494;      27
1495;      26
1496;      24
1497;      30
1498;      20
1499;      26
1500;      29
1501;      31
1502;      24
1503;      22
1504;      20
1505;      24
1506;      23
1507;      32
1508;      32
1509;      32
1510;      26
1511;      27
1512;      28
1513;      23
1514;      25
1515;      29
1516;      24
1517;      20
1518;      25
1519;      17
1520;      23
1521;      24
1522;      36
1523;      22
1524;      27
1525;      25
1526;      25
1527;      22
1528;      16
1529;      25
1530;      24
1531;      28
1532;      22
1533;      20
1534;      20
1535;      15
1536;      22
1537;      26
1538;      25
1539;      20
1540;      33
1541;      23
1542;      24
1543;      17
1544;      16
1545;      18
1546;      20
1547;      17
1548;      19
1549;      15
1550;      17
1551;      18
1552;      23
1553;      22
1554;      20
1555;      20
1556;      17
1557;      21
1558;      12
1559;      23
1560;      15
1561;      25
1562;      24
1563;      20
1564;      16
1565;      17
1566;      13
1567;      25
1568;      21
1569;      17
1570;      21
1571;      25
1572;      20
1573;      19
1574;      29
1575;      22
1576;      27
1577;      15
1578;      20
1579;      23
1580;      21
1581;      20
1582;      20
1583;      23
1584;      16
1585;      18
1586;      23
1587;      19
1588;      14
1589;      23
1590;      26
1591;      17
1592;      17
1593;      26
1594;      17
1595;      14
1596;      19
1597;      20
1598;      27
1599;      16
1600;      16
1601;      15
1602;      22
1603;      25
1604;      19
1605;      16
1606;      19
1607;      24
1608;      20
1609;      27
1610;      16
1611;      15
1612;      17
1613;       8
1614;      20
1615;      16
1616;      20
1617;      16
1618;      18
1619;      14
1620;      14
1621;      18
1622;      12
1623;      21
1624;      13
1625;      14
1626;      13
1627;      13
1628;       8
1629;       5
1630;      18
1631;      13
1632;       9
1633;       9
1634;      14
1635;       9
1636;      18
1637;       8
1638;       9
1639;      11
1640;      14
1641;       9
1642;      16
1643;      10
1644;      15
1645;      13
1646;       8
1647;       6
1648;       8
1649;       9
1650;       8
1651;       9
1652;       9
1653;      12
1654;       8
1655;      12
1656;       9
1657;       8
1658;      18
1659;      13
1660;      12
1661;       9
1662;       9
1663;      12
1664;       8
1665;      10
1666;       6
1667;      11
1668;      11
1669;       8
1670;       6
1671;       6
1672;      14
1673;       8
1674;      10
1675;       5
1676;       5
1677;       2
1678;       6
1679;       8
1680;      17
1681;      10
1682;       9
1683;       7
1684;      10
1685;       9
1686;       6
1687;       6
1688;       6
1689;       9
1690;       8
1691;       8
1692;       5
1693;       6
1694;       5
1695;       7
1696;       2
1697;       6
1698;       7
1699;      12
1700;       7
1701;       2
1702;       3
1703;       3
1704;       5
1705;       5
1706;       3
1707;       3
1708;       3
1709;       3
1710;       9
1711;       7
1712;       5
1713;       6
1714;       4
1715;       3
1716;       7
1717;       1
1718;       2
1719;       6
1720;       3
1721;       1
1722;       6
1723;       7
1724;       2
1725;       3
1726;       2
1727;       4
1728;       2
1729;       4
1730;       9
1731;       2
1732;       5
1733;       4
1734;       5
1735;       4
1736;       3
1737;       4
1738;       4
1739;       2
1740;       0
1741;       3
1742;       3
1743;       1
1744;       1
1745;       3
1746;       2
1747;       2
1748;       2
1749;       1
1750;       3
1751;       3
1752;       3
1753;       3
1754;       2
1755;       0
1756;       2
1757;       0
1758;       1
1759;       2
1760;       0
1761;       1
1762;       2
1763;       5
1764;       2
1765;       2
1766;       6
1767;       3
1768;       2
1769;       0
1770;       1
1771;       2
1772;       1
1773;       3
1774;       1
1775;       2
1776;       1
1777;       2
1778;       4
1779;       3
1780;       2
1781;       1
1782;       2
1783;       1
1784;       1
1785;       1
1786;       3
1787;       0
1788;       0
1789;       2
1790;       0
1791;       1
1792;       1
1793;       1
1794;       0
1795;       3
1796;       2
1797;       1
1798;       2
1799;       0
1800;       1
1801;       1
1802;       1
1803;       2
1804;       1
1805;       3
1806;       1
1807;       0
1808;       5
1809;       0
1810;       1
1811;       0
1812;       2
1813;       2
1814;       1
1815;       1
1816;       3
1817;       3
1818;       3
1819;       3
1820;       1
1821;       1
1822;       0
1823;       0
1824;       0
1825;       2
1826;       2
1827;       1
1828;       0
1829;       0
1830;       1
1831;       1
1832;       1
1833;       1
1834;       0
1835;       0
1836;       0
1837;       0
1838;       0
1839;       2
1840;       1
1841;       2
1842;       0
1843;       1
1844;       2
1845;       2
1846;       1
1847;       0
1848;       0
1849;       1
1850;       1
1851;       2
1852;       0
1853;       1
1854;       1
1855;       0
1856;       1
1857;       1
1858;       1
1859;       0
1860;       0
1861;       1
1862;       0
1863;       0
1864;       0
1865;       0
1866;       1
1867;       0
1868;       3
1869;       1
1870;       0
1871;       2
1872;       0
1873;       0
1874;       0
1875;       0
1876;       0
1877;       0
1878;       0
1879;       0
1880;       1
1881;       0
1882;       0
1883;       0
1884;       0
1885;       0
1886;       1
1887;       0
1888;       0
1889;       0
1890;       0
1891;       0
1892;       0
1893;       0
1894;       1
1895;       1
1896;       0
1897;       1
1898;       0
1899;       0
1900;       0
1901;       0
1902;       0
1903;       0
1904;       0
1905;       0
1906;       0
1907;       1
1908;       0
1909;       0
1910;       0
1911;       1
1912;       0
1913;       0
1914;       0
1915;       0
1916;       0
1917;       0
1918;       0
1919;       0
1920;       1
1921;       0
1922;       0
1923;       0
1924;       0
1925;       0
1926;       3
1927;       0
1928;       0
1929;       0
1930;       0
1931;       0
1932;       0
1933;       0
1934;       0
1935;       0
1936;       1
1937;       0
1938;       0
1939;       0
1940;       0
1941;       1
1942;       2
1943;       0
1944;       1
1945;       0
1946;       0
1947;       0
1948;       0
1949;       0
1950;       0
1951;       0
1952;       0
1953;       0
1954;       0
1955;       0
1956;       0
1957;       0
1958;       0
1959;       0
1960;       1
1961;       0
1962;       0
1963;       0
1964;       1
1965;       0
1966;       0
1967;       0
1968;       0
1969;       0
1970;       0
1971;       1
1972;       0
1973;       0
1974;       0
1975;       0
1976;       0
1977;       0
1978;       0
1979;       0
1980;       0
1981;       0
1982;       0
1983;       0
1984;       0
1985;       0
1986;       0
1987;       0
1988;       0
1989;       0
1990;       0
1991;       0
1992;       0
1993;       0
1994;       0
1995;       0
1996;       0
1997;       0
1998;       0
1999;       0
2000;       0
2001;       0
2002;       0
2003;       0
2004;       0
2005;       0
2006;       0
2007;       0
2008;       0
2009;       0
2010;       0
2011;       0
2012;       0
2013;       0
2014;       0
2015;       0
2016;       0
2017;       0
2018;       0
2019;       0
2020;       0
2021;       0
2022;       0
2023;       1
2024;       0
2025;       0
2026;       0
2027;       0
2028;       0
2029;       0
2030;       0
2031;       0
2032;       0
2033;       0
2034;       0
2035;       0
2036;       0
2037;       0
2038;       0
2039;       0
2040;       0
2041;       0
2042;       0
2043;       0
2044;       0
2045;       0
2046;       0
2047;       0
