   0;     829
   1;     696
   2;     456
   3;     261
   4;     137
   5;      53
   6;      11
   7;       3
   8;       2
   9;       0
  10;       0
  11;       1
  12;       0
  13;       0
  14;       0
  15;       0
  16;       0
  17;       1
  18;       0
  19;       0
  20;       0
  21;       0
  22;       1
  23;       0
  24;       0
  25;       0
  26;       0
  27;       0
  28;       4
  29;      10
  30;      38
  31;      90
  32;     147
  33;     178
  34;     171
  35;     199
  36;     182
  37;     171
  38;     167
  39;     167
  40;     155
  41;     161
  42;     191
  43;     162
  44;     155
  45;     162
  46;     172
  47;     147
  48;     158
  49;     160
  50;     164
  51;     170
  52;     164
  53;     149
  54;     149
  55;     140
  56;     164
  57;     149
  58;     133
  59;     167
  60;     178
  61;     170
  62;     145
  63;     146
  64;     125
  65;     156
  66;     129
  67;     131
  68;     132
  69;     135
  70;     118
  71;     117
  72;     154
  73;     129
  74;     113
  75;     143
  76;     123
  77;     139
  78;     133
  79;     115
  80;     122
  81;     128
  82;     121
  83;     131
  84;     135
  85;     148
  86;     139
  87;     151
  88;     126
  89;     122
  90;     133
  91;     138
  92;     110
  93;     133
  94;     133
  95;     142
  96;     135
  97;     120
  98;     147
  99;     156
 100;     161
 101;     162
 102;     149
 103;     121
 104;     154
 105;     130
 106;     159
 107;     120
 108;     154
 109;     185
 110;     224
 111;     248
 112;     299
 113;     356
 114;     409
 115;     460
 116;     433
 117;     414
 118;     337
 119;     298
 120;     279
 121;     268
 122;     247
 123;     255
 124;     241
 125;     262
 126;     273
 127;     268
 128;     387
 129;     474
 130;     691
 131;     877
 132;    1126
 133;    1291
 134;    1447
 135;    1432
 136;    1369
 137;    1176
 138;    1090
 139;     973
 140;     993
 141;    1023
 142;    1083
 143;    1148
 144;    1299
 145;    1367
 146;    1485
 147;    1499
 148;    1460
 149;    1332
 150;    1043
 151;     802
 152;     607
 153;     511
 154;     433
 155;     418
 156;     410
 157;     417
 158;     377
 159;     354
 160;     348
 161;     311
 162;     320
 163;     319
 164;     302
 165;     289
 166;     284
 167;     273
 168;     267
 169;     240
 170;     259
 171;     233
 172;     231
 173;     228
 174;     227
 175;     221
 176;     240
 177;     265
 178;     364
 179;     420
 180;     536
 181;     701
 182;     854
 183;     886
 184;     918
 185;     858
 186;     752
 187;     658
 188;     489
 189;     392
 190;     312
 191;     285
 192;     305
 193;     315
 194;     335
 195;     347
 196;     384
 197;     388
 198;     466
 199;     474
 200;     447
 201;     412
 202;     408
 203;     358
 204;     330
 205;     350
 206;     362
 207;     303
 208;     311
 209;     303
 210;     291
 211;     321
 212;     316
 213;     354
 214;     377
 215;     440
 216;     557
 217;     809
 218;    1093
 219;    1435
 220;    2000
 221;    2305
 222;    2676
 223;    2659
 224;    2450
 225;    2093
 226;    1618
 227;    1240
 228;     843
 229;     627
 230;     464
 231;     432
 232;     415
 233;     414
 234;     499
 235;     656
 236;     808
 237;    1103
 238;    1422
 239;    1694
 240;    1843
 241;    1987
 242;    1926
 243;    1748
 244;    1540
 245;    1261
 246;    1015
 247;     932
 248;     751
 249;     628
 250;     624
 251;     551
 252;     562
 253;     648
 254;     721
 255;     727
 256;     891
 257;     916
 258;     868
 259;     871
 260;     911
 261;    1053
 262;    1290
 263;    1964
 264;    2926
 265;    4732
 266;    6716
 267;    9160
 268;   11078
 269;   12444
 270;   13013
 271;   12040
 272;   10412
 273;    8179
 274;    5917
 275;    3997
 276;    2585
 277;    1632
 278;    1080
 279;     761
 280;     577
 281;     460
 282;     451
 283;     407
 284;     436
 285;     402
 286;     477
 287;     512
 288;     584
 289;     716
 290;     784
 291;     995
 292;    1159
 293;    1511
 294;    1767
 295;    2004
 296;    2092
 297;    2003
 298;    1965
 299;    1681
 300;    1342
 301;    1028
 302;     835
 303;     639
 304;     526
 305;     413
 306;     431
 307;     407
 308;     370
 309;     426
 310;     450
 311;     453
 312;     568
 313;     639
 314;     694
 315;     809
 316;     902
 317;     942
 318;    1048
 319;    1129
 320;    1007
 321;     922
 322;     802
 323;     686
 324;     580
 325;     495
 326;     436
 327;     454
 328;     406
 329;     379
 330;     402
 331;     387
 332;     374
 333;     381
 334;     407
 335;     429
 336;     407
 337;     472
 338;     457
 339;     532
 340;     537
 341;     536
 342;     626
 343;     560
 344;     620
 345;     665
 346;     630
 347;     544
 348;     554
 349;     549
 350;     550
 351;     536
 352;     532
 353;     543
 354;     544
 355;     551
 356;     537
 357;     536
 358;     555
 359;     563
 360;     607
 361;     673
 362;     669
 363;     753
 364;     746
 365;     878
 366;     878
 367;    1040
 368;    1090
 369;    1203
 370;    1361
 371;    1451
 372;    1450
 373;    1408
 374;    1358
 375;    1198
 376;     968
 377;     836
 378;     658
 379;     584
 380;     502
 381;     448
 382;     420
 383;     427
 384;     437
 385;     406
 386;     391
 387;     379
 388;     330
 389;     385
 390;     376
 391;     435
 392;     384
 393;     429
 394;     407
 395;     444
 396;     473
 397;     487
 398;     492
 399;     513
 400;     509
 401;     503
 402;     526
 403;     554
 404;     532
 405;     513
 406;     530
 407;     581
 408;     570
 409;     610
 410;     629
 411;     673
 412;     653
 413;     697
 414;     653
 415;     733
 416;     757
 417;     809
 418;     976
 419;    1324
 420;    1970
 421;    3171
 422;    5237
 423;    8482
 424;   13130
 425;   19179
 426;   26685
 427;   34388
 428;   41952
 429;   47591
 430;   50299
 431;   49007
 432;   45638
 433;   38633
 434;   31114
 435;   23163
 436;   16039
 437;   10586
 438;    6625
 439;    3806
 440;    2232
 441;    1316
 442;     885
 443;     620
 444;     512
 445;     453
 446;     428
 447;     429
 448;     440
 449;     447
 450;     459
 451;     567
 452;     636
 453;     685
 454;     795
 455;     923
 456;    1012
 457;    1120
 458;    1133
 459;    1149
 460;    1082
 461;     962
 462;     928
 463;     834
 464;     729
 465;     724
 466;     743
 467;     872
 468;     957
 469;    1310
 470;    1835
 471;    2469
 472;    3326
 473;    4411
 474;    5382
 475;    6308
 476;    7026
 477;    7184
 478;    7020
 479;    6459
 480;    5493
 481;    4531
 482;    3377
 483;    2496
 484;    1839
 485;    1154
 486;     771
 487;     535
 488;     413
 489;     313
 490;     264
 491;     254
 492;     241
 493;     240
 494;     242
 495;     219
 496;     246
 497;     232
 498;     204
 499;     236
 500;     224
 501;     236
 502;     229
 503;     246
 504;     249
 505;     257
 506;     279
 507;     263
 508;     276
 509;     275
 510;     318
 511;     345
 512;     382
 513;     521
 514;     616
 515;     933
 516;    1231
 517;    1774
 518;    2378
 519;    3293
 520;    4418
 521;    5674
 522;    7094
 523;    8206
 524;    9399
 525;    9905
 526;   10242
 527;    9986
 528;    9002
 529;    7796
 530;    6322
 531;    5085
 532;    3761
 533;    2564
 534;    1812
 535;    1205
 536;     752
 537;     593
 538;     447
 539;     304
 540;     289
 541;     278
 542;     245
 543;     250
 544;     227
 545;     241
 546;     214
 547;     252
 548;     209
 549;     219
 550;     173
 551;     204
 552;     226
 553;     183
 554;     200
 555;     235
 556;     234
 557;     218
 558;     261
 559;     247
 560;     296
 561;     261
 562;     306
 563;     355
 564;     321
 565;     370
 566;     373
 567;     352
 568;     309
 569;     336
 570;     316
 571;     262
 572;     232
 573;     254
 574;     220
 575;     225
 576;     198
 577;     220
 578;     206
 579;     202
 580;     231
 581;     222
 582;     218
 583;     209
 584;     200
 585;     204
 586;     214
 587;     221
 588;     197
 589;     205
 590;     254
 591;     241
 592;     225
 593;     217
 594;     234
 595;     229
 596;     276
 597;     265
 598;     266
 599;     311
 600;     360
 601;     369
 602;     366
 603;     431
 604;     440
 605;     459
 606;     517
 607;     561
 608;     566
 609;     624
 610;     689
 611;     777
 612;     745
 613;     808
 614;     771
 615;     795
 616;     788
 617;     820
 618;     873
 619;    1048
 620;    1427
 621;    1929
 622;    2590
 623;    3484
 624;    4689
 625;    5786
 626;    7040
 627;    7815
 628;    8533
 629;    8849
 630;    8664
 631;    7950
 632;    7118
 633;    6092
 634;    4972
 635;    3934
 636;    3060
 637;    2320
 638;    1863
 639;    1412
 640;    1117
 641;     936
 642;     802
 643;     628
 644;     620
 645;     613
 646;     595
 647;     515
 648;     535
 649;     548
 650;     502
 651;     471
 652;     427
 653;     389
 654;     347
 655;     317
 656;     278
 657;     222
 658;     218
 659;     195
 660;     186
 661;     173
 662;     166
 663;     153
 664;     167
 665;     183
 666;     184
 667;     157
 668;     161
 669;     165
 670;     139
 671;     166
 672;     150
 673;     146
 674;     145
 675;     157
 676;     150
 677;     145
 678;     128
 679;     130
 680;     124
 681;     128
 682;     150
 683;     104
 684;     133
 685;     135
 686;     133
 687;     128
 688;     137
 689;     140
 690;     142
 691;     114
 692;     128
 693;     126
 694;     115
 695;     133
 696;     157
 697;     161
 698;     158
 699;     179
 700;     210
 701;     174
 702;     200
 703;     209
 704;     213
 705;     215
 706;     201
 707;     226
 708;     205
 709;     187
 710;     182
 711;     203
 712;     162
 713;     175
 714;     164
 715;     194
 716;     146
 717;     153
 718;     156
 719;     128
 720;     157
 721;     147
 722;     157
 723;     144
 724;     185
 725;     203
 726;     216
 727;     313
 728;     355
 729;     444
 730;     575
 731;     691
 732;     897
 733;     953
 734;    1040
 735;    1107
 736;    1164
 737;    1118
 738;    1074
 739;     927
 740;     832
 741;     677
 742;     581
 743;     491
 744;     349
 745;     308
 746;     301
 747;     241
 748;     239
 749;     294
 750;     306
 751;     334
 752;     333
 753;     384
 754;     362
 755;     393
 756;     450
 757;     373
 758;     384
 759;     384
 760;     347
 761;     301
 762;     263
 763;     236
 764;     195
 765;     150
 766;     158
 767;     149
 768;     131
 769;     111
 770;     119
 771;      94
 772;      95
 773;     106
 774;      82
 775;     100
 776;     101
 777;     103
 778;      99
 779;     111
 780;     139
 781;     119
 782;     107
 783;     129
 784;     116
 785;     140
 786;     124
 787;     147
 788;     125
 789;     130
 790;     131
 791;     127
 792;     122
 793;     107
 794;     101
 795;      93
 796;     105
 797;      95
 798;      83
 799;      98
 800;      99
 801;      84
 802;      90
 803;      97
 804;      85
 805;      73
 806;     107
 807;      90
 808;      87
 809;      94
 810;      89
 811;      78
 812;      95
 813;      79
 814;      85
 815;      84
 816;      84
 817;      88
 818;      78
 819;      65
 820;      83
 821;      95
 822;      86
 823;      86
 824;      94
 825;     101
 826;      83
 827;      70
 828;      86
 829;      69
 830;      91
 831;      77
 832;      94
 833;      75
 834;     101
 835;      78
 836;      75
 837;      84
 838;      91
 839;      78
 840;      71
 841;      81
 842;      81
 843;      88
 844;      83
 845;      90
 846;      91
 847;      91
 848;      76
 849;      75
 850;      81
 851;     101
 852;      88
 853;     102
 854;      97
 855;      95
 856;      93
 857;      86
 858;     116
 859;     124
 860;     117
 861;     110
 862;     134
 863;     123
 864;     132
 865;     105
 866;     119
 867;     117
 868;     115
 869;     105
 870;      80
 871;      83
 872;      79
 873;      81
 874;      70
 875;      91
 876;      80
 877;      78
 878;      79
 879;      65
 880;      69
 881;      85
 882;      86
 883;      83
 884;      68
 885;      84
 886;      86
 887;      79
 888;      70
 889;      76
 890;      81
 891;      76
 892;      85
 893;     102
 894;      83
 895;      96
 896;     105
 897;      96
 898;      81
 899;      95
 900;      96
 901;      90
 902;      96
 903;      99
 904;      92
 905;     110
 906;     101
 907;     100
 908;     126
 909;      97
 910;     111
 911;     101
 912;     103
 913;      90
 914;     104
 915;     106
 916;      86
 917;     126
 918;     122
 919;     130
 920;     121
 921;     136
 922;     134
 923;     127
 924;     105
 925;     151
 926;     172
 927;     159
 928;     163
 929;     170
 930;     176
 931;     199
 932;     211
 933;     230
 934;     190
 935;     221
 936;     209
 937;     249
 938;     220
 939;     225
 940;     241
 941;     214
 942;     249
 943;     248
 944;     256
 945;     279
 946;     249
 947;     245
 948;     257
 949;     252
 950;     246
 951;     222
 952;     246
 953;     225
 954;     231
 955;     210
 956;     238
 957;     238
 958;     210
 959;     172
 960;     187
 961;     174
 962;     168
 963;     173
 964;     142
 965;     136
 966;     123
 967;     112
 968;     122
 969;     111
 970;     118
 971;     101
 972;     106
 973;      83
 974;      82
 975;      98
 976;      88
 977;      83
 978;      76
 979;      95
 980;      79
 981;      82
 982;      66
 983;      76
 984;      82
 985;      79
 986;      69
 987;      68
 988;      51
 989;      74
 990;      87
 991;      99
 992;      96
 993;      83
 994;     100
 995;      99
 996;     106
 997;     126
 998;     126
 999;     142
1000;     149
1001;     193
1002;     181
1003;     187
1004;     226
1005;     213
1006;     207
1007;     192
1008;     188
1009;     197
1010;     189
1011;     183
1012;     154
1013;     136
1014;     130
1015;     106
1016;      88
1017;      87
1018;      85
1019;      67
1020;      76
1021;      61
1022;      67
1023;      68
1024;      62
1025;      46
1026;      58
1027;      56
1028;      57
1029;      68
1030;      74
1031;      56
1032;      55
1033;      60
1034;      59
1035;      59
1036;      85
1037;      64
1038;      75
1039;      78
1040;      72
1041;      73
1042;      78
1043;      87
1044;      98
1045;     108
1046;      88
1047;      93
1048;     127
1049;     116
1050;     120
1051;     136
1052;     127
1053;     135
1054;     161
1055;     147
1056;     152
1057;     135
1058;     155
1059;     141
1060;     122
1061;     129
1062;     112
1063;      88
1064;     113
1065;      88
1066;      99
1067;      91
1068;     100
1069;      82
1070;      69
1071;      61
1072;      78
1073;      73
1074;      60
1075;      69
1076;      57
1077;      73
1078;      61
1079;      65
1080;      75
1081;      64
1082;      59
1083;      49
1084;      46
1085;      47
1086;      57
1087;      58
1088;      49
1089;      45
1090;      54
1091;      52
1092;      51
1093;      45
1094;      40
1095;      46
1096;      50
1097;      47
1098;      50
1099;      49
1100;      47
1101;      51
1102;      43
1103;      68
1104;      42
1105;      44
1106;      38
1107;      41
1108;      47
1109;      41
1110;      42
1111;      38
1112;      32
1113;      28
1114;      49
1115;      47
1116;      42
1117;      33
1118;      47
1119;      39
1120;      45
1121;      38
1122;      37
1123;      38
1124;      56
1125;      34
1126;      44
1127;      54
1128;      56
1129;      48
1130;      49
1131;      68
1132;      85
1133;      70
1134;      50
1135;      35
1136;      49
1137;      55
1138;      49
1139;      54
1140;      51
1141;      45
1142;      52
1143;      39
1144;      46
1145;      35
1146;      31
1147;      51
1148;      35
1149;      47
1150;      39
1151;      42
1152;      60
1153;      51
1154;      41
1155;      45
1156;      55
1157;      52
1158;      43
1159;      52
1160;      47
1161;      51
1162;      45
1163;      45
1164;      41
1165;      38
1166;      29
1167;      37
1168;      37
1169;      38
1170;      31
1171;      50
1172;      29
1173;      36
1174;      35
1175;      33
1176;      31
1177;      35
1178;      29
1179;      26
1180;      38
1181;      33
1182;      37
1183;      41
1184;      35
1185;      51
1186;      37
1187;      54
1188;      34
1189;      35
1190;      42
1191;      34
1192;      40
1193;      41
1194;      30
1195;      29
1196;      26
1197;      30
1198;      28
1199;      29
1200;      35
1201;      44
1202;      26
1203;      35
1204;      25
1205;      22
1206;      29
1207;      25
1208;      23
1209;      38
1210;      41
1211;      31
1212;      31
1213;      33
1214;      37
1215;      31
1216;      28
1217;      35
1218;      26
1219;      24
1220;      26
1221;      25
1222;      26
1223;      32
1224;      24
1225;      29
1226;      26
1227;      21
1228;      27
1229;      26
1230;      24
1231;      25
1232;      23
1233;      22
1234;      21
1235;      33
1236;      30
1237;      24
1238;      25
1239;      34
1240;      17
1241;      25
1242;      28
1243;      37
1244;      21
1245;      25
1246;      27
1247;      27
1248;      30
1249;      27
1250;      33
1251;      21
1252;      26
1253;      34
1254;      28
1255;      31
1256;      25
1257;      24
1258;      31
1259;      26
1260;      37
1261;      27
1262;      23
1263;      32
1264;      30
1265;      34
1266;      22
1267;      23
1268;      27
1269;      18
1270;      24
1271;      20
1272;      27
1273;      21
1274;      22
1275;      23
1276;      26
1277;      31
1278;      20
1279;      20
1280;      22
1281;      16
1282;      20
1283;      31
1284;      19
1285;      22
1286;      11
1287;      22
1288;      34
1289;      24
1290;      24
1291;      29
1292;      25
1293;      21
1294;      13
1295;      18
1296;      29
1297;      23
1298;      23
1299;      26
1300;      28
1301;      30
1302;      20
1303;      25
1304;      29
1305;      27
1306;      29
1307;      25
1308;      16
1309;      21
1310;      20
1311;      19
1312;      22
1313;      26
1314;      23
1315;      16
1316;      20
1317;      18
1318;      27
1319;      26
1320;      22
1321;      23
1322;      22
1323;      17
1324;      22
1325;      22
1326;      26
1327;      24
1328;      18
1329;      20
1330;      19
1331;      26
1332;      23
1333;      21
1334;      30
1335;      22
1336;      15
1337;      21
1338;      18
1339;      29
1340;      25
1341;      17
1342;      20
1343;      31
1344;      12
1345;      26
1346;      16
1347;      26
1348;      11
1349;      20
1350;      17
1351;      15
1352;      24
1353;      21
1354;      22
1355;      18
1356;      21
1357;      17
1358;      10
1359;      17
1360;      19
1361;      16
1362;      18
1363;      23
1364;      30
1365;      26
1366;      12
1367;      24
1368;      29
1369;      25
1370;      28
1371;      14
1372;      25
1373;      12
1374;      17
1375;      18
1376;      23
1377;      18
1378;      21
1379;      16
1380;      21
1381;      19
1382;      15
1383;      20
1384;      16
1385;      19
1386;      19
1387;      17
1388;      28
1389;      27
1390;      15
1391;      15
1392;      15
1393;      11
1394;      21
1395;      13
1396;      17
1397;      20
1398;      18
1399;      13
1400;      10
1401;      22
1402;      19
1403;      18
1404;       6
1405;      22
1406;      17
1407;       9
1408;      20
1409;      22
1410;      16
1411;      15
1412;      15
1413;      13
1414;      14
1415;      16
1416;      13
1417;      19
1418;      17
1419;      14
1420;      17
1421;      16
1422;      21
1423;      15
1424;      14
1425;      11
1426;      17
1427;      12
1428;      17
1429;      15
1430;      15
1431;      17
1432;      11
1433;      13
1434;      16
1435;      13
1436;      14
1437;      17
1438;      19
1439;      16
1440;      17
1441;      10
1442;      15
1443;      19
1444;      15
1445;       7
1446;      14
1447;      10
1448;      13
1449;      10
1450;      19
1451;      15
1452;      20
1453;      15
1454;      23
1455;      14
1456;      20
1457;      15
1458;      13
1459;      11
1460;      21
1461;      10
1462;      16
1463;      12
1464;       8
1465;      10
1466;      16
1467;      13
1468;      10
1469;      16
1470;      13
1471;       7
1472;      16
1473;      13
1474;      14
1475;      11
1476;      14
1477;      12
1478;      10
1479;       9
1480;      10
1481;      12
1482;      13
1483;      12
1484;      13
1485;      12
1486;      14
1487;      12
1488;      14
1489;      10
1490;      10
1491;      15
1492;      10
1493;      12
1494;      18
1495;      17
1496;      18
1497;       8
1498;      10
1499;       9
1500;      21
1501;      16
1502;      12
1503;      11
1504;      12
1505;      12
1506;      17
1507;      11
1508;      14
1509;      16
1510;       7
1511;      17
1512;      13
1513;       7
1514;      11
1515;      13
1516;      10
1517;       8
1518;      12
1519;      20
1520;       3
1521;      12
1522;       7
1523;      11
1524;      14
1525;      14
1526;      15
1527;       9
1528;       8
1529;      15
1530;       6
1531;      10
1532;      14
1533;      10
1534;      12
1535;      14
1536;      10
1537;       7
1538;       9
1539;      10
1540;       9
1541;      16
1542;       8
1543;      13
1544;      10
1545;       7
1546;       7
1547;      10
1548;       9
1549;       5
1550;      10
1551;      18
1552;       7
1553;       8
1554;      12
1555;      11
1556;       9
1557;       6
1558;      10
1559;       7
1560;       9
1561;       9
1562;       5
1563;      15
1564;       5
1565;      12
1566;      15
1567;       8
1568;       9
1569;      11
1570;      11
1571;      14
1572;       4
1573;      10
1574;       8
1575;       8
1576;       9
1577;       8
1578;      20
1579;       7
1580;      11
1581;      14
1582;      10
1583;      11
1584;      17
1585;       9
1586;       9
1587;      14
1588;      11
1589;      15
1590;       7
1591;      11
1592;       6
1593;      11
1594;      11
1595;       7
1596;       7
1597;      16
1598;       9
1599;       8
1600;       4
1601;       9
1602;      20
1603;      12
1604;       7
1605;      14
1606;      17
1607;      14
1608;      11
1609;      11
1610;       7
1611;       7
1612;      10
1613;       7
1614;       6
1615;       9
1616;       7
1617;       6
1618;       8
1619;       4
1620;       5
1621;       4
1622;       5
1623;      13
1624;       9
1625;       8
1626;       7
1627;       1
1628;      11
1629;       4
1630;       7
1631;       4
1632;      15
1633;       8
1634;       7
1635;       7
1636;       7
1637;       4
1638;       5
1639;       3
1640;       8
1641;       8
1642;       4
1643;      11
1644;       4
1645;       5
1646;       3
1647;       5
1648;       7
1649;       5
1650;       3
1651;       6
1652;       4
1653;       6
1654;       5
1655;       3
1656;       4
1657;       4
1658;       6
1659;       5
1660;       8
1661;       5
1662;       8
1663;       7
1664;       6
1665;       5
1666;       1
1667;       4
1668;       3
1669;       4
1670;       3
1671;       4
1672;       1
1673;       3
1674;       5
1675;       1
1676;       6
1677;       1
1678;       4
1679;       3
1680;       7
1681;       1
1682;       1
1683;       0
1684;       1
1685;       2
1686;       7
1687;       6
1688;       4
1689;       5
1690;       6
1691;       4
1692;       1
1693;       3
1694;       2
1695;       2
1696;       3
1697;       2
1698;       4
1699;       1
1700;       3
1701;       2
1702;       3
1703;       1
1704;       2
1705;       3
1706;       2
1707;       3
1708;       1
1709;       3
1710;       3
1711;       2
1712;       5
1713;       1
1714;       0
1715;       2
1716;       1
1717;       2
1718;       2
1719;       4
1720;       3
1721;       3
1722;       4
1723;       2
1724;       2
1725;       2
1726;       4
1727;       1
1728;       3
1729;       3
1730;       1
1731;       3
1732;       3
1733;       2
1734;       1
1735;       1
1736;       3
1737;       6
1738;       1
1739;       3
1740;       2
1741;       2
1742;       1
1743;       2
1744;       2
1745;       1
1746;       3
1747;       0
1748;       2
1749;       2
1750;       4
1751;       3
1752;       2
1753;       1
1754;       4
1755;       0
1756;       1
1757;       1
1758;       1
1759;       1
1760;       2
1761;       5
1762;       2
1763;       1
1764;       0
1765;       2
1766;       2
1767;       1
1768;       1
1769;       1
1770;       1
1771;       0
1772;       2
1773;       1
1774;       1
1775;       0
1776;       0
1777;       1
1778;       1
1779;       0
1780;       0
1781;       2
1782;       1
1783;       1
1784;       1
1785;       0
1786;       1
1787;       1
1788;       0
1789;       0
1790;       1
1791;       0
1792;       1
1793;       0
1794;       0
1795;       0
1796;       1
1797;       1
1798;       1
1799;       1
1800;       1
1801;       0
1802;       0
1803;       1
1804;       3
1805;       1
1806;       0
1807;       1
1808;       2
1809;       0
1810;       1
1811;       1
1812;       1
1813;       1
1814;       0
1815;       1
1816;       1
1817;       1
1818;       3
1819;       3
1820;       0
1821;       2
1822;       1
1823;       1
1824;       2
1825;       0
1826;       0
1827;       0
1828;       0
1829;       0
1830;       1
1831;       0
1832;       0
1833;       0
1834;       0
1835;       0
1836;       0
1837;       0
1838;       1
1839;       0
1840;       0
1841;       0
1842;       0
1843;       0
1844;       0
1845;       0
1846;       0
1847;       1
1848;       0
1849;       1
1850;       0
1851;       0
1852;       0
1853;       2
1854;       1
1855;       0
1856;       0
1857;       0
1858;       0
1859;       0
1860;       1
1861;       0
1862;       1
1863;       1
1864;       0
1865;       0
1866;       1
1867;       0
1868;       0
1869;       0
1870;       0
1871;       0
1872;       1
1873;       0
1874;       0
1875;       0
1876;       0
1877;       2
1878;       0
1879;       0
1880;       0
1881;       0
1882;       2
1883;       0
1884;       0
1885;       0
1886;       0
1887;       0
1888;       0
1889;       1
1890;       0
1891;       0
1892;       0
1893;       0
1894;       0
1895;       1
1896;       0
1897;       0
1898;       0
1899;       1
1900;       0
1901;       0
1902;       0
1903;       0
1904;       0
1905;       0
1906;       0
1907;       0
1908;       1
1909;       0
1910;       0
1911;       1
1912;       0
1913;       0
1914;       0
1915;       0
1916;       0
1917;       0
1918;       0
1919;       0
1920;       0
1921;       0
1922;       0
1923;       0
1924;       0
1925;       0
1926;       0
1927;       0
1928;       0
1929;       0
1930;       0
1931;       1
1932;       0
1933;       0
1934;       0
1935;       0
1936;       0
1937;       0
1938;       0
1939;       0
1940;       0
1941;       0
1942;       0
1943;       0
1944;       0
1945;       0
1946;       0
1947;       0
1948;       0
1949;       0
1950;       0
1951;       0
1952;       0
1953;       0
1954;       0
1955;       0
1956;       0
1957;       0
1958;       0
1959;       0
1960;       0
1961;       0
1962;       0
1963;       0
1964;       0
1965;       0
1966;       0
1967;       0
1968;       0
1969;       0
1970;       0
1971;       0
1972;       0
1973;       0
1974;       0
1975;       0
1976;       0
1977;       0
1978;       0
1979;       0
1980;       0
1981;       0
1982;       0
1983;       0
1984;       0
1985;       0
1986;       0
1987;       0
1988;       0
1989;       0
1990;       0
1991;       0
1992;       0
1993;       0
1994;       0
1995;       0
1996;       0
1997;       0
1998;       0
1999;       0
2000;       0
2001;       0
2002;       0
2003;       2
2004;       0
2005;       0
2006;       0
2007;       0
2008;       0
2009;       0
2010;       0
2011;       0
2012;       0
2013;       0
2014;       0
2015;       0
2016;       0
2017;       0
2018;       0
2019;       0
2020;       0
2021;       0
2022;       0
2023;       0
2024;       0
2025;       0
2026;       0
2027;       0
2028;       0
2029;       0
2030;       0
2031;       0
2032;       0
2033;       0
2034;       0
2035;       0
2036;       0
2037;       0
2038;       0
2039;       0
2040;       0
2041;       0
2042;       0
2043;       0
2044;       0
2045;       0
2046;       0
2047;       0
