   0;     860
   1;     747
   2;     502
   3;     276
   4;     110
   5;      42
   6;      13
   7;       2
   8;       0
   9;       0
  10;       1
  11;       0
  12;       0
  13;       0
  14;       0
  15;       0
  16;       0
  17;       0
  18;       0
  19;       0
  20;       0
  21;       0
  22;       0
  23;       0
  24;       0
  25;       0
  26;       0
  27;       0
  28;       1
  29;       7
  30;      26
  31;      77
  32;     130
  33;     143
  34;     116
  35;     135
  36;     142
  37;     130
  38;     111
  39;     135
  40;     109
  41;      92
  42;     127
  43;     124
  44;     144
  45;     134
  46;     125
  47;     127
  48;     136
  49;     121
  50;     135
  51;     120
  52;     108
  53;     139
  54;     118
  55;     118
  56;     131
  57;     118
  58;     130
  59;     108
  60;     129
  61;     128
  62;     117
  63;     120
  64;     108
  65;      92
  66;     101
  67;      82
  68;     107
  69;      97
  70;     113
  71;      87
  72;     106
  73;     103
  74;     119
  75;     108
  76;     110
  77;      97
  78;     118
  79;     102
  80;     100
  81;      95
  82;      84
  83;      77
  84;     104
  85;      86
  86;     103
  87;     109
  88;     111
  89;     115
  90;     107
  91;      95
  92;      90
  93;      86
  94;      96
  95;      87
  96;      94
  97;      91
  98;     108
  99;     124
 100;     115
 101;     117
 102;     107
 103;     107
 104;     108
 105;      96
 106;     114
 107;     114
 108;     128
 109;     113
 110;     137
 111;     170
 112;     175
 113;     163
 114;     240
 115;     190
 116;     231
 117;     198
 118;     229
 119;     193
 120;     172
 121;     195
 122;     176
 123;     162
 124;     198
 125;     204
 126;     194
 127;     240
 128;     350
 129;     397
 130;     657
 131;     850
 132;    1108
 133;    1318
 134;    1372
 135;    1378
 136;    1269
 137;    1132
 138;    1032
 139;     941
 140;     966
 141;    1030
 142;    1074
 143;    1152
 144;    1238
 145;    1449
 146;    1554
 147;    1614
 148;    1592
 149;    1304
 150;    1083
 151;     783
 152;     600
 153;     460
 154;     418
 155;     363
 156;     394
 157;     411
 158;     415
 159;     385
 160;     368
 161;     332
 162;     270
 163;     285
 164;     267
 165;     250
 166;     291
 167;     268
 168;     232
 169;     228
 170;     237
 171;     190
 172;     206
 173;     153
 174;     179
 175;     204
 176;     190
 177;     195
 178;     245
 179;     206
 180;     261
 181;     311
 182;     324
 183;     340
 184;     379
 185;     373
 186;     308
 187;     293
 188;     264
 189;     244
 190;     209
 191;     222
 192;     228
 193;     217
 194;     213
 195;     264
 196;     258
 197;     269
 198;     276
 199;     298
 200;     237
 201;     288
 202;     270
 203;     268
 204;     241
 205;     214
 206;     226
 207;     221
 208;     254
 209;     222
 210;     226
 211;     238
 212;     237
 213;     283
 214;     322
 215;     308
 216;     412
 217;     553
 218;     743
 219;     994
 220;    1241
 221;    1415
 222;    1605
 223;    1545
 224;    1438
 225;    1221
 226;    1026
 227;     728
 228;     556
 229;     420
 230;     343
 231;     294
 232;     312
 233;     304
 234;     388
 235;     459
 236;     541
 237;     719
 238;     913
 239;    1098
 240;    1212
 241;    1233
 242;    1196
 243;    1071
 244;    1004
 245;     860
 246;     678
 247;     548
 248;     478
 249;     434
 250;     411
 251;     371
 252;     371
 253;     385
 254;     518
 255;     532
 256;     552
 257;     607
 258;     571
 259;     567
 260;     526
 261;     524
 262;     524
 263;     645
 264;     854
 265;    1070
 266;    1520
 267;    1937
 268;    2333
 269;    2569
 270;    2569
 271;    2406
 272;    2157
 273;    1757
 274;    1329
 275;    1041
 276;     787
 277;     569
 278;     459
 279;     354
 280;     326
 281;     345
 282;     294
 283;     299
 284;     306
 285;     357
 286;     354
 287;     345
 288;     343
 289;     399
 290;     417
 291;     468
 292;     511
 293;     557
 294;     597
 295;     622
 296;     658
 297;     666
 298;     566
 299;     516
 300;     479
 301;     430
 302;     405
 303;     353
 304;     355
 305;     347
 306;     362
 307;     327
 308;     352
 309;     379
 310;     403
 311;     463
 312;     434
 313;     531
 314;     595
 315;     711
 316;     719
 317;     801
 318;     860
 319;     794
 320;     807
 321;     695
 322;     620
 323;     515
 324;     440
 325;     422
 326;     361
 327;     313
 328;     332
 329;     315
 330;     307
 331;     332
 332;     301
 333;     341
 334;     328
 335;     332
 336;     343
 337;     371
 338;     390
 339;     414
 340;     434
 341;     470
 342;     467
 343;     525
 344;     493
 345;     510
 346;     479
 347;     471
 348;     440
 349;     481
 350;     424
 351;     441
 352;     472
 353;     407
 354;     404
 355;     445
 356;     470
 357;     486
 358;     512
 359;     562
 360;     541
 361;     642
 362;     636
 363;     708
 364;     715
 365;     773
 366;     806
 367;     852
 368;     877
 369;     968
 370;    1037
 371;    1028
 372;    1063
 373;    1020
 374;     915
 375;     768
 376;     722
 377;     599
 378;     495
 379;     415
 380;     342
 381;     344
 382;     339
 383;     302
 384;     289
 385;     310
 386;     317
 387;     313
 388;     330
 389;     331
 390;     319
 391;     320
 392;     318
 393;     357
 394;     347
 395;     344
 396;     359
 397;     405
 398;     410
 399;     394
 400;     408
 401;     465
 402;     423
 403;     426
 404;     448
 405;     405
 406;     437
 407;     474
 408;     487
 409;     493
 410;     551
 411;     488
 412;     518
 413;     539
 414;     522
 415;     572
 416;     574
 417;     683
 418;     850
 419;    1105
 420;    1783
 421;    2717
 422;    4496
 423;    7342
 424;   11113
 425;   16111
 426;   21813
 427;   28035
 428;   33623
 429;   37433
 430;   39053
 431;   37443
 432;   33909
 433;   28570
 434;   22354
 435;   16325
 436;   11420
 437;    7199
 438;    4394
 439;    2489
 440;    1492
 441;     851
 442;     588
 443;     428
 444;     347
 445;     292
 446;     267
 447;     306
 448;     283
 449;     304
 450;     344
 451;     301
 452;     335
 453;     404
 454;     402
 455;     439
 456;     472
 457;     544
 458;     527
 459;     523
 460;     525
 461;     479
 462;     460
 463;     449
 464;     467
 465;     482
 466;     517
 467;     609
 468;     829
 469;    1125
 470;    1589
 471;    2060
 472;    2815
 473;    3758
 474;    4520
 475;    5196
 476;    5606
 477;    5686
 478;    5550
 479;    4902
 480;    4223
 481;    3366
 482;    2421
 483;    1813
 484;    1207
 485;     839
 486;     526
 487;     382
 488;     253
 489;     229
 490;     178
 491;     179
 492;     152
 493;     168
 494;     147
 495;     147
 496;     147
 497;     149
 498;     135
 499;     146
 500;     151
 501;     182
 502;     163
 503;     161
 504;     141
 505;     168
 506;     156
 507;     138
 508;     150
 509;     162
 510;     145
 511;     168
 512;     196
 513;     204
 514;     227
 515;     344
 516;     393
 517;     521
 518;     588
 519;     923
 520;    1076
 521;    1359
 522;    1676
 523;    1834
 524;    2187
 525;    2247
 526;    2258
 527;    2079
 528;    1959
 529;    1598
 530;    1343
 531;    1061
 532;     814
 533;     570
 534;     456
 535;     320
 536;     218
 537;     208
 538;     159
 539;     137
 540;     139
 541;     126
 542;     140
 543;     136
 544;     145
 545;     131
 546;     158
 547;     139
 548;     149
 549;     104
 550;     125
 551;     113
 552;     126
 553;     121
 554;     135
 555;     132
 556;     117
 557;     134
 558;     154
 559;     148
 560;     155
 561;     182
 562;     164
 563;     159
 564;     139
 565;     181
 566;     172
 567;     157
 568;     164
 569;     159
 570;     164
 571;     151
 572;     146
 573;     152
 574;     140
 575;     128
 576;     118
 577;     151
 578;     126
 579;     110
 580;     133
 581;     112
 582;     115
 583;     133
 584;     148
 585;     138
 586;     140
 587;     122
 588;     127
 589;     137
 590;     131
 591;     134
 592;     155
 593;     145
 594;     136
 595;     132
 596;     139
 597;     130
 598;     157
 599;     166
 600;     177
 601;     159
 602;     183
 603;     189
 604;     185
 605;     208
 606;     224
 607;     221
 608;     224
 609;     223
 610;     260
 611;     270
 612;     273
 613;     276
 614;     288
 615;     281
 616;     289
 617;     310
 618;     322
 619;     403
 620;     518
 621;     676
 622;     890
 623;    1131
 624;    1523
 625;    1765
 626;    2137
 627;    2363
 628;    2464
 629;    2514
 630;    2409
 631;    2165
 632;    1887
 633;    1580
 634;    1267
 635;     993
 636;     814
 637;     667
 638;     495
 639;     399
 640;     375
 641;     311
 642;     265
 643;     215
 644;     222
 645;     213
 646;     199
 647;     237
 648;     199
 649;     190
 650;     201
 651;     191
 652;     173
 653;     159
 654;     149
 655;     124
 656;     136
 657;     137
 658;      93
 659;     112
 660;     108
 661;     120
 662;     105
 663;      90
 664;      93
 665;      91
 666;      82
 667;     105
 668;     105
 669;     103
 670;     109
 671;     106
 672;      81
 673;     109
 674;      99
 675;      92
 676;     107
 677;      89
 678;      89
 679;      91
 680;      96
 681;      98
 682;      97
 683;      82
 684;      93
 685;      94
 686;      96
 687;     102
 688;      92
 689;      79
 690;      91
 691;      99
 692;      97
 693;      93
 694;      96
 695;     108
 696;      99
 697;      97
 698;     108
 699;     100
 700;     107
 701;     129
 702;     110
 703;     119
 704;     116
 705;     135
 706;     114
 707;     115
 708;     108
 709;     119
 710;     109
 711;     116
 712;     105
 713;      85
 714;      90
 715;     108
 716;      98
 717;      75
 718;      81
 719;      82
 720;      85
 721;      98
 722;      93
 723;     115
 724;     106
 725;     105
 726;     116
 727;     156
 728;     198
 729;     214
 730;     256
 731;     282
 732;     296
 733;     383
 734;     374
 735;     400
 736;     395
 737;     394
 738;     333
 739;     344
 740;     270
 741;     251
 742;     202
 743;     163
 744;     175
 745;     126
 746;     132
 747;     104
 748;     145
 749;     109
 750;     135
 751;     152
 752;     169
 753;     174
 754;     162
 755;     169
 756;     175
 757;     172
 758;     157
 759;     151
 760;     124
 761;     127
 762;     122
 763;      96
 764;     106
 765;      99
 766;      84
 767;      73
 768;      82
 769;      71
 770;      74
 771;      65
 772;      75
 773;      56
 774;      73
 775;      58
 776;      66
 777;      61
 778;      74
 779;      67
 780;      82
 781;      78
 782;      71
 783;      82
 784;      66
 785;      83
 786;      83
 787;      91
 788;      86
 789;      87
 790;      78
 791;      53
 792;      78
 793;      71
 794;      72
 795;      63
 796;      67
 797;      62
 798;      66
 799;      63
 800;      68
 801;      64
 802;      70
 803;      66
 804;      67
 805;      68
 806;      63
 807;      55
 808;      55
 809;      62
 810;      68
 811;      55
 812;      60
 813;      53
 814;      58
 815;      45
 816;      65
 817;      64
 818;      62
 819;      57
 820;      60
 821;      61
 822;      59
 823;      52
 824;      68
 825;      66
 826;      65
 827;      63
 828;      46
 829;      52
 830;      53
 831;      55
 832;      67
 833;      55
 834;      56
 835;      52
 836;      42
 837;      49
 838;      53
 839;      51
 840;      58
 841;      57
 842;      59
 843;      65
 844;      68
 845;      70
 846;      60
 847;      67
 848;      54
 849;      60
 850;      58
 851;      72
 852;      64
 853;      66
 854;      82
 855;      61
 856;      76
 857;      88
 858;      83
 859;      84
 860;      89
 861;      84
 862;      72
 863;      70
 864;      77
 865;      58
 866;      71
 867;      58
 868;      87
 869;      59
 870;      75
 871;      46
 872;      57
 873;      55
 874;      62
 875;      51
 876;      50
 877;      55
 878;      78
 879;      61
 880;      61
 881;      54
 882;      70
 883;      65
 884;      48
 885;      66
 886;      66
 887;      62
 888;      64
 889;      63
 890;      52
 891;      63
 892;      53
 893;      67
 894;      53
 895;      59
 896;      67
 897;      55
 898;      56
 899;      87
 900;      73
 901;      69
 902;      69
 903;      74
 904;      68
 905;      73
 906;      74
 907;      74
 908;      77
 909;      88
 910;      66
 911;      83
 912;      77
 913;      66
 914;      89
 915;      79
 916;      92
 917;      68
 918;      83
 919;      86
 920;      85
 921;      92
 922;     105
 923;     127
 924;      96
 925;     110
 926;     136
 927;     126
 928;     142
 929;     137
 930;     161
 931;     112
 932;     149
 933;     143
 934;     152
 935;     153
 936;     162
 937;     159
 938;     165
 939;     173
 940;     179
 941;     162
 942;     160
 943;     171
 944;     159
 945;     201
 946;     180
 947;     174
 948;     155
 949;     190
 950;     179
 951;     175
 952;     174
 953;     181
 954;     158
 955;     143
 956;     157
 957;     125
 958;     145
 959;     155
 960;     147
 961;     121
 962;     163
 963;     127
 964;     104
 965;     120
 966;      80
 967;     102
 968;      83
 969;      88
 970;      68
 971;      87
 972;      84
 973;      90
 974;      64
 975;      61
 976;      63
 977;      68
 978;      44
 979;      65
 980;      51
 981;      71
 982;      55
 983;      65
 984;      50
 985;      55
 986;      59
 987;      62
 988;      71
 989;      52
 990;      57
 991;      61
 992;      67
 993;      68
 994;      64
 995;      86
 996;      99
 997;     103
 998;     101
 999;     118
1000;     127
1001;     123
1002;     107
1003;     119
1004;     130
1005;     151
1006;     127
1007;     139
1008;     130
1009;     140
1010;     139
1011;      98
1012;      98
1013;      93
1014;      70
1015;      68
1016;      62
1017;      60
1018;      48
1019;      39
1020;      53
1021;      51
1022;      57
1023;      41
1024;      56
1025;      44
1026;      42
1027;      53
1028;      43
1029;      50
1030;      34
1031;      47
1032;      56
1033;      58
1034;      42
1035;      59
1036;      56
1037;      55
1038;      48
1039;      62
1040;      63
1041;      60
1042;      74
1043;      72
1044;      92
1045;      83
1046;      81
1047;     104
1048;     106
1049;     100
1050;     108
1051;     118
1052;     113
1053;     115
1054;     146
1055;     119
1056;     129
1057;     130
1058;     118
1059;      97
1060;      98
1061;      75
1062;      80
1063;      72
1064;      59
1065;      70
1066;      58
1067;      60
1068;      54
1069;      45
1070;      60
1071;      54
1072;      53
1073;      50
1074;      48
1075;      43
1076;      44
1077;      39
1078;      38
1079;      42
1080;      48
1081;      42
1082;      39
1083;      33
1084;      37
1085;      43
1086;      50
1087;      28
1088;      38
1089;      35
1090;      32
1091;      37
1092;      33
1093;      38
1094;      43
1095;      32
1096;      38
1097;      44
1098;      36
1099;      30
1100;      38
1101;      39
1102;      38
1103;      30
1104;      36
1105;      24
1106;      40
1107;      41
1108;      35
1109;      34
1110;      27
1111;      31
1112;      36
1113;      33
1114;      31
1115;      23
1116;      29
1117;      37
1118;      27
1119;      34
1120;      34
1121;      37
1122;      31
1123;      40
1124;      32
1125;      35
1126;      34
1127;      42
1128;      45
1129;      51
1130;      43
1131;      46
1132;      34
1133;      32
1134;      45
1135;      47
1136;      46
1137;      46
1138;      46
1139;      51
1140;      47
1141;      48
1142;      55
1143;      50
1144;      58
1145;      57
1146;      52
1147;      56
1148;      64
1149;      85
1150;      71
1151;      74
1152;      63
1153;      77
1154;      73
1155;      64
1156;      70
1157;      86
1158;      61
1159;      54
1160;      43
1161;      64
1162;      37
1163;      48
1164;      37
1165;      30
1166;      29
1167;      35
1168;      32
1169;      27
1170;      21
1171;      26
1172;      25
1173;      27
1174;      33
1175;      24
1176;      31
1177;      26
1178;      38
1179;      34
1180;      27
1181;      34
1182;      32
1183;      41
1184;      29
1185;      29
1186;      32
1187;      46
1188;      29
1189;      39
1190;      50
1191;      28
1192;      22
1193;      38
1194;      26
1195;      29
1196;      27
1197;      29
1198;      28
1199;      23
1200;      25
1201;      29
1202;      28
1203;      18
1204;      26
1205;      19
1206;      21
1207;      25
1208;      15
1209;      23
1210;      28
1211;      28
1212;      15
1213;      23
1214;      22
1215;      28
1216;      30
1217;      29
1218;      30
1219;      19
1220;      23
1221;      31
1222;      24
1223;      23
1224;      22
1225;      25
1226;      20
1227;      13
1228;      28
1229;      30
1230;      14
1231;      17
1232;      20
1233;      22
1234;      25
1235;      21
1236;      12
1237;      28
1238;      16
1239;      23
1240;      19
1241;      21
1242;      22
1243;      19
1244;      14
1245;      25
1246;      21
1247;      17
1248;      19
1249;      10
1250;      34
1251;      24
1252;      24
1253;      23
1254;      26
1255;      27
1256;      17
1257;      33
1258;      22
1259;      17
1260;      26
1261;      27
1262;      17
1263;      18
1264;      14
1265;      21
1266;      27
1267;      17
1268;      16
1269;      19
1270;      28
1271;      25
1272;      20
1273;      22
1274;      27
1275;      17
1276;      24
1277;      23
1278;      29
1279;      18
1280;      13
1281;      25
1282;      13
1283;      21
1284;      17
1285;      23
1286;      16
1287;      23
1288;      28
1289;      21
1290;      25
1291;      20
1292;      27
1293;      26
1294;      19
1295;      25
1296;      16
1297;      20
1298;      26
1299;      23
1300;      27
1301;      28
1302;      35
1303;      34
1304;      32
1305;      28
1306;      32
1307;      22
1308;      18
1309;      17
1310;      15
1311;      26
1312;       9
1313;      14
1314;      17
1315;      18
1316;      24
1317;      14
1318;      21
1319;      20
1320;      35
1321;      23
1322;      19
1323;      22
1324;      19
1325;      24
1326;      25
1327;      16
1328;      17
1329;      27
1330;      19
1331;      17
1332;      15
1333;      14
1334;      14
1335;      25
1336;      18
1337;      19
1338;      21
1339;      27
1340;      20
1341;      18
1342;      24
1343;      20
1344;      11
1345;      16
1346;      15
1347;      19
1348;      19
1349;      13
1350;      21
1351;      13
1352;       9
1353;      18
1354;      14
1355;      16
1356;      21
1357;      14
1358;      16
1359;      14
1360;      10
1361;      19
1362;      20
1363;      20
1364;      31
1365;      21
1366;      12
1367;      15
1368;      15
1369;      19
1370;       9
1371;      11
1372;      15
1373;      14
1374;      12
1375;      17
1376;      17
1377;      22
1378;      20
1379;      15
1380;      20
1381;      28
1382;      12
1383;      15
1384;      12
1385;      15
1386;      11
1387;       7
1388;      15
1389;      15
1390;      21
1391;      17
1392;      12
1393;      11
1394;      14
1395;      13
1396;       9
1397;      10
1398;      11
1399;      17
1400;      12
1401;      19
1402;      14
1403;      12
1404;      14
1405;      14
1406;      24
1407;      15
1408;      15
1409;      13
1410;      11
1411;      12
1412;      18
1413;      12
1414;      19
1415;      17
1416;      11
1417;      14
1418;      15
1419;      12
1420;      10
1421;      13
1422;      15
1423;      15
1424;      20
1425;      11
1426;      13
1427;      11
1428;      10
1429;      12
1430;      10
1431;      11
1432;      13
1433;      20
1434;      10
1435;      17
1436;      14
1437;      16
1438;       8
1439;      10
1440;      17
1441;      14
1442;      14
1443;      14
1444;      10
1445;      13
1446;      12
1447;      16
1448;       9
1449;      15
1450;      10
1451;      18
1452;      14
1453;      14
1454;       9
1455;       7
1456;       7
1457;      11
1458;      15
1459;      18
1460;      17
1461;      14
1462;      14
1463;      15
1464;      16
1465;      11
1466;       6
1467;      11
1468;      16
1469;      10
1470;      12
1471;       5
1472;      17
1473;       9
1474;      14
1475;      10
1476;      15
1477;      20
1478;       6
1479;       8
1480;      19
1481;      12
1482;      16
1483;      16
1484;      12
1485;      16
1486;      14
1487;       8
1488;      16
1489;      11
1490;      10
1491;      13
1492;      12
1493;      10
1494;       9
1495;       5
1496;      10
1497;       6
1498;      13
1499;       7
1500;      13
1501;      13
1502;      14
1503;      12
1504;      13
1505;      11
1506;      10
1507;      10
1508;      13
1509;      12
1510;      12
1511;      12
1512;      14
1513;      13
1514;       7
1515;      13
1516;      14
1517;       8
1518;      16
1519;       9
1520;       9
1521;       7
1522;       9
1523;       9
1524;       7
1525;       7
1526;       7
1527;       8
1528;      11
1529;       8
1530;       8
1531;       9
1532;       6
1533;       8
1534;      10
1535;       5
1536;      11
1537;       8
1538;       6
1539;       9
1540;      12
1541;      12
1542;       9
1543;       4
1544;       6
1545;      12
1546;       6
1547;       8
1548;      10
1549;       7
1550;       7
1551;      11
1552;       8
1553;       5
1554;       9
1555;       8
1556;       5
1557;       7
1558;      12
1559;       8
1560;       8
1561;      13
1562;      10
1563;       6
1564;      16
1565;       8
1566;       8
1567;       3
1568;       6
1569;       8
1570;       5
1571;       2
1572;      11
1573;       7
1574;       7
1575;      10
1576;       7
1577;       9
1578;       6
1579;      16
1580;      13
1581;      12
1582;       9
1583;      14
1584;       7
1585;       8
1586;      11
1587;      13
1588;      12
1589;       4
1590;       9
1591;      11
1592;       9
1593;       7
1594;      14
1595;      10
1596;       6
1597;       7
1598;      10
1599;      10
1600;      13
1601;      15
1602;      10
1603;      19
1604;       8
1605;       5
1606;       7
1607;       7
1608;      13
1609;      10
1610;      15
1611;       8
1612;       9
1613;       6
1614;       8
1615;       8
1616;       3
1617;       5
1618;       8
1619;      10
1620;       2
1621;       4
1622;       7
1623;       8
1624;       6
1625;       7
1626;       2
1627;       7
1628;       4
1629;      13
1630;       5
1631;       5
1632;       6
1633;       2
1634;      10
1635;       4
1636;       5
1637;       6
1638;       6
1639;       6
1640;       3
1641;       5
1642;       4
1643;       1
1644;       3
1645;       2
1646;       2
1647;       2
1648;       4
1649;       5
1650;       2
1651;       6
1652;       3
1653;       2
1654;       6
1655;       3
1656;       5
1657;       3
1658;       5
1659;       4
1660;       3
1661;       2
1662;       2
1663;       2
1664;       4
1665;       2
1666;       3
1667;       5
1668;       1
1669;       3
1670;       4
1671;       4
1672;       7
1673;       4
1674;       4
1675;       4
1676;       3
1677;       1
1678;       7
1679;       0
1680;       3
1681;       4
1682;       3
1683;       2
1684;       2
1685;       0
1686;       2
1687;       3
1688;       6
1689;       2
1690;       5
1691;       2
1692;       2
1693;       3
1694;       1
1695;       3
1696;       3
1697;       3
1698;       1
1699;       4
1700;       2
1701;       3
1702;       1
1703;       4
1704;       3
1705;       5
1706;       0
1707;       1
1708;       3
1709;       2
1710;       3
1711;       2
1712;       2
1713;       0
1714;       1
1715;       1
1716;       2
1717;       2
1718;       1
1719;       0
1720;       0
1721;       3
1722;       1
1723;       3
1724;       4
1725;       4
1726;       2
1727;       4
1728;       7
1729;       3
1730;       0
1731;       2
1732;       1
1733;       1
1734;       2
1735;       1
1736;       1
1737;       2
1738;       2
1739;       0
1740;       1
1741;       0
1742;       2
1743;       2
1744;       3
1745;       3
1746;       2
1747;       1
1748;       0
1749;       1
1750;       1
1751;       0
1752;       2
1753;       0
1754;       0
1755;       1
1756;       0
1757;       1
1758;       1
1759;       0
1760;       0
1761;       1
1762;       1
1763;       1
1764;       0
1765;       0
1766;       0
1767;       1
1768;       1
1769;       1
1770;       1
1771;       0
1772;       0
1773;       1
1774;       0
1775;       2
1776;       0
1777;       0
1778;       2
1779;       1
1780;       1
1781;       0
1782;       0
1783;       0
1784;       1
1785;       1
1786;       0
1787;       1
1788;       0
1789;       0
1790;       0
1791;       1
1792;       0
1793;       0
1794;       1
1795;       0
1796;       0
1797;       1
1798;       0
1799;       1
1800;       1
1801;       0
1802;       0
1803;       0
1804;       1
1805;       2
1806;       0
1807;       1
1808;       2
1809;       3
1810;       1
1811;       0
1812;       3
1813;       3
1814;       0
1815;       1
1816;       0
1817;       4
1818;       1
1819;       1
1820;       0
1821;       0
1822;       0
1823;       1
1824;       0
1825;       2
1826;       0
1827;       0
1828;       1
1829;       0
1830;       0
1831;       1
1832;       0
1833;       0
1834;       1
1835;       0
1836;       1
1837;       0
1838;       0
1839;       0
1840;       0
1841;       0
1842;       0
1843;       0
1844;       0
1845;       1
1846;       0
1847;       1
1848;       0
1849;       0
1850;       0
1851;       0
1852;       1
1853;       1
1854;       3
1855;       0
1856;       0
1857;       1
1858;       1
1859;       0
1860;       0
1861;       0
1862;       0
1863;       1
1864;       1
1865;       1
1866;       0
1867;       0
1868;       1
1869;       0
1870;       3
1871;       1
1872;       0
1873;       0
1874;       0
1875;       0
1876;       0
1877;       2
1878;       0
1879;       0
1880;       1
1881;       0
1882;       0
1883;       0
1884;       0
1885;       1
1886;       0
1887;       0
1888;       0
1889;       0
1890;       0
1891;       0
1892;       1
1893;       0
1894;       0
1895;       0
1896;       0
1897;       0
1898;       0
1899;       0
1900;       1
1901;       0
1902;       0
1903;       0
1904;       0
1905;       1
1906;       0
1907;       0
1908;       0
1909;       1
1910;       1
1911;       0
1912;       0
1913;       0
1914;       0
1915;       0
1916;       0
1917;       0
1918;       0
1919;       1
1920;       0
1921;       0
1922;       0
1923;       1
1924;       0
1925;       0
1926;       0
1927;       0
1928;       0
1929;       2
1930;       0
1931;       0
1932;       0
1933;       0
1934;       0
1935;       2
1936;       0
1937;       0
1938;       0
1939;       0
1940;       0
1941;       0
1942;       0
1943;       0
1944;       0
1945;       0
1946;       0
1947;       0
1948;       0
1949;       0
1950;       0
1951;       0
1952;       0
1953;       0
1954;       1
1955;       0
1956;       0
1957;       0
1958;       0
1959;       0
1960;       0
1961;       0
1962;       0
1963;       0
1964;       0
1965;       0
1966;       0
1967;       0
1968;       0
1969;       0
1970;       0
1971;       0
1972;       0
1973;       0
1974;       0
1975;       0
1976;       0
1977;       0
1978;       0
1979;       0
1980;       0
1981;       0
1982;       0
1983;       0
1984;       0
1985;       0
1986;       0
1987;       0
1988;       0
1989;       0
1990;       0
1991;       0
1992;       0
1993;       0
1994;       0
1995;       0
1996;       0
1997;       0
1998;       0
1999;       0
2000;       0
2001;       0
2002;       0
2003;       0
2004;       0
2005;       0
2006;       0
2007;       0
2008;       0
2009;       0
2010;       0
2011;       0
2012;       0
2013;       0
2014;       0
2015;       0
2016;       0
2017;       0
2018;       1
2019;       0
2020;       0
2021;       0
2022;       0
2023;       0
2024;       0
2025;       1
2026;       0
2027;       0
2028;       0
2029;       0
2030;       0
2031;       0
2032;       0
2033;       0
2034;       0
2035;       0
2036;       0
2037;       0
2038;       0
2039;       0
2040;       0
2041;       0
2042;       1
2043;       0
2044;       0
2045;       0
2046;       0
2047;       0
