   0;     880
   1;     790
   2;     481
   3;     269
   4;     130
   5;      58
   6;      14
   7;       4
   8;       2
   9;       0
  10;       0
  11;       0
  12;       1
  13;       0
  14;       0
  15;       0
  16;       0
  17;       0
  18;       0
  19;       0
  20;       1
  21;       0
  22;       0
  23;       0
  24;       0
  25;       0
  26;       0
  27;       1
  28;       0
  29;       8
  30;      26
  31;      98
  32;     138
  33;     128
  34;     143
  35;     156
  36;     142
  37;     136
  38;     153
  39;     125
  40;     134
  41;     132
  42;     138
  43;     133
  44;     137
  45;     139
  46;     126
  47;     160
  48;     126
  49;     138
  50;     111
  51;     144
  52;     114
  53;     132
  54;     121
  55;     126
  56;     125
  57;     129
  58;     138
  59;     141
  60;     130
  61;     133
  62;     115
  63;     139
  64;     113
  65;     125
  66;     102
  67;     114
  68;     110
  69;     124
  70;     109
  71;     116
  72;     119
  73;     116
  74;     129
  75;     126
  76;     117
  77;     110
  78;     115
  79;     107
  80;      87
  81;     103
  82;     113
  83;     115
  84;     118
  85;     116
  86;     127
  87;     125
  88;      98
  89;      99
  90;      98
  91;     116
  92;      93
  93;     100
  94;     111
  95;     108
  96;     104
  97;     125
  98;     109
  99;     141
 100;     123
 101;     148
 102;      95
 103;      99
 104;     122
 105;     114
 106;     101
 107;     103
 108;     122
 109;     130
 110;     103
 111;     140
 112;     203
 113;     212
 114;     224
 115;     247
 116;     240
 117;     231
 118;     222
 119;     210
 120;     204
 121;     171
 122;     206
 123;     174
 124;     185
 125;     177
 126;     206
 127;     262
 128;     316
 129;     429
 130;     610
 131;     884
 132;    1110
 133;    1287
 134;    1423
 135;    1374
 136;    1333
 137;    1209
 138;    1022
 139;    1005
 140;    1022
 141;    1092
 142;    1163
 143;    1128
 144;    1343
 145;    1464
 146;    1620
 147;    1560
 148;    1455
 149;    1383
 150;    1094
 151;     818
 152;     576
 153;     472
 154;     397
 155;     314
 156;     311
 157;     372
 158;     321
 159;     336
 160;     298
 161;     297
 162;     261
 163;     246
 164;     238
 165;     267
 166;     253
 167;     228
 168;     224
 169;     220
 170;     197
 171;     167
 172;     184
 173;     205
 174;     188
 175;     167
 176;     185
 177;     209
 178;     216
 179;     270
 180;     293
 181;     372
 182;     385
 183;     444
 184;     458
 185;     426
 186;     350
 187;     330
 188;     323
 189;     240
 190;     233
 191;     201
 192;     231
 193;     222
 194;     246
 195;     234
 196;     248
 197;     255
 198;     262
 199;     289
 200;     273
 201;     271
 202;     251
 203;     229
 204;     276
 205;     262
 206;     255
 207;     246
 208;     241
 209;     266
 210;     258
 211;     238
 212;     231
 213;     293
 214;     298
 215;     326
 216;     389
 217;     537
 218;     656
 219;     910
 220;    1163
 221;    1276
 222;    1493
 223;    1456
 224;    1425
 225;    1160
 226;     934
 227;     738
 228;     552
 229;     448
 230;     361
 231;     312
 232;     338
 233;     320
 234;     392
 235;     432
 236;     506
 237;     719
 238;     912
 239;    1072
 240;    1185
 241;    1208
 242;    1185
 243;    1083
 244;     974
 245;     838
 246;     702
 247;     532
 248;     494
 249;     406
 250;     415
 251;     420
 252;     432
 253;     475
 254;     476
 255;     541
 256;     600
 257;     603
 258;     642
 259;     624
 260;     604
 261;     623
 262;     747
 263;    1090
 264;    1545
 265;    2322
 266;    3258
 267;    4156
 268;    5178
 269;    5685
 270;    5780
 271;    5344
 272;    4533
 273;    3579
 274;    2588
 275;    1790
 276;    1248
 277;     859
 278;     643
 279;     458
 280;     376
 281;     348
 282;     328
 283;     341
 284;     313
 285;     377
 286;     327
 287;     350
 288;     463
 289;     496
 290;     561
 291;     664
 292;     751
 293;     917
 294;    1030
 295;    1049
 296;    1105
 297;    1054
 298;     953
 299;     880
 300;     706
 301;     606
 302;     539
 303;     415
 304;     361
 305;     368
 306;     366
 307;     384
 308;     402
 309;     391
 310;     438
 311;     475
 312;     526
 313;     584
 314;     644
 315;     675
 316;     812
 317;     937
 318;     886
 319;     909
 320;     806
 321;     712
 322;     691
 323;     540
 324;     489
 325;     408
 326;     393
 327;     359
 328;     331
 329;     329
 330;     312
 331;     357
 332;     366
 333;     366
 334;     364
 335;     370
 336;     369
 337;     399
 338;     399
 339;     413
 340;     456
 341;     524
 342;     497
 343;     542
 344;     520
 345;     491
 346;     488
 347;     463
 348;     467
 349;     479
 350;     466
 351;     437
 352;     456
 353;     422
 354;     458
 355;     451
 356;     459
 357;     516
 358;     514
 359;     558
 360;     585
 361;     619
 362;     678
 363;     711
 364;     697
 365;     777
 366;     755
 367;     884
 368;     915
 369;    1041
 370;    1027
 371;    1052
 372;    1013
 373;    1030
 374;    1008
 375;     813
 376;     662
 377;     627
 378;     502
 379;     434
 380;     385
 381;     336
 382;     350
 383;     327
 384;     308
 385;     334
 386;     314
 387;     321
 388;     327
 389;     321
 390;     352
 391;     346
 392;     326
 393;     374
 394;     351
 395;     367
 396;     393
 397;     416
 398;     421
 399;     448
 400;     410
 401;     401
 402;     454
 403;     451
 404;     434
 405;     446
 406;     492
 407;     466
 408;     510
 409;     502
 410;     507
 411;     558
 412;     558
 413;     523
 414;     606
 415;     585
 416;     601
 417;     695
 418;     848
 419;    1183
 420;    1772
 421;    2888
 422;    4906
 423;    7802
 424;   11888
 425;   17145
 426;   23146
 427;   30028
 428;   35948
 429;   39881
 430;   41797
 431;   40252
 432;   36528
 433;   30705
 434;   24330
 435;   17778
 436;   12070
 437;    7895
 438;    4681
 439;    2755
 440;    1701
 441;     971
 442;     612
 443;     425
 444;     362
 445;     346
 446;     269
 447;     294
 448;     296
 449;     312
 450;     324
 451;     323
 452;     372
 453;     393
 454;     439
 455;     438
 456;     495
 457;     529
 458;     524
 459;     491
 460;     517
 461;     510
 462;     438
 463;     486
 464;     472
 465;     453
 466;     537
 467;     639
 468;     811
 469;    1138
 470;    1617
 471;    2221
 472;    3125
 473;    3974
 474;    4840
 475;    5582
 476;    6096
 477;    6275
 478;    6058
 479;    5358
 480;    4472
 481;    3632
 482;    2710
 483;    1937
 484;    1365
 485;     939
 486;     553
 487;     373
 488;     245
 489;     201
 490;     163
 491;     173
 492;     155
 493;     156
 494;     171
 495;     193
 496;     150
 497;     155
 498;     164
 499;     160
 500;     156
 501;     154
 502;     155
 503;     156
 504;     160
 505;     167
 506;     140
 507;     172
 508;     159
 509;     160
 510;     167
 511;     187
 512;     193
 513;     201
 514;     242
 515;     302
 516;     391
 517;     473
 518;     603
 519;     830
 520;    1100
 521;    1384
 522;    1606
 523;    1887
 524;    2125
 525;    2268
 526;    2231
 527;    2184
 528;    1935
 529;    1585
 530;    1408
 531;    1037
 532;     764
 533;     563
 534;     440
 535;     354
 536;     248
 537;     197
 538;     164
 539;     136
 540;     137
 541;     157
 542;     163
 543;     150
 544;     136
 545;     139
 546;     135
 547;     149
 548;     119
 549;     144
 550;     139
 551;     140
 552;     125
 553;     128
 554;     155
 555;     141
 556;     138
 557;     135
 558;     142
 559;     136
 560;     128
 561;     158
 562;     185
 563;     171
 564;     173
 565;     178
 566;     176
 567;     170
 568;     159
 569;     174
 570;     159
 571;     158
 572;     140
 573;     155
 574;     140
 575;     136
 576;     128
 577;     127
 578;     154
 579;     120
 580;     148
 581;     128
 582;     139
 583;     146
 584;     117
 585;     113
 586;     156
 587;     144
 588;     128
 589;     130
 590;     140
 591;     132
 592;     125
 593;     122
 594;     125
 595;     132
 596;     145
 597;     136
 598;     157
 599;     146
 600;     167
 601;     161
 602;     164
 603;     174
 604;     203
 605;     208
 606;     227
 607;     254
 608;     259
 609;     229
 610;     246
 611;     274
 612;     242
 613;     284
 614;     281
 615;     271
 616;     282
 617;     328
 618;     340
 619;     406
 620;     483
 621;     713
 622;     856
 623;    1093
 624;    1348
 625;    1757
 626;    2048
 627;    2301
 628;    2306
 629;    2381
 630;    2381
 631;    2125
 632;    1940
 633;    1625
 634;    1335
 635;    1070
 636;     875
 637;     662
 638;     530
 639;     408
 640;     339
 641;     274
 642;     294
 643;     239
 644;     227
 645;     225
 646;     211
 647;     218
 648;     218
 649;     184
 650;     216
 651;     173
 652;     183
 653;     174
 654;     170
 655;     144
 656;     123
 657;     112
 658;     108
 659;     133
 660;     103
 661;     116
 662;     116
 663;      95
 664;     122
 665;      98
 666;     103
 667;      76
 668;      92
 669;      90
 670;      88
 671;      89
 672;     114
 673;     113
 674;     100
 675;      91
 676;      70
 677;     104
 678;      90
 679;      95
 680;      83
 681;     101
 682;     102
 683;      96
 684;      88
 685;     113
 686;      81
 687;      99
 688;      96
 689;      93
 690;      95
 691;      94
 692;      86
 693;      75
 694;     107
 695;     121
 696;     115
 697;     114
 698;     112
 699;     124
 700;     117
 701;     131
 702;     143
 703;     145
 704;     133
 705;     117
 706;     148
 707;     108
 708;     116
 709;     111
 710;     101
 711;      85
 712;     115
 713;     112
 714;     108
 715;      97
 716;     100
 717;     107
 718;     100
 719;      94
 720;      97
 721;      85
 722;     101
 723;      88
 724;      82
 725;     122
 726;     118
 727;     159
 728;     171
 729;     194
 730;     232
 731;     299
 732;     320
 733;     348
 734;     337
 735;     439
 736;     385
 737;     379
 738;     433
 739;     351
 740;     295
 741;     241
 742;     223
 743;     190
 744;     180
 745;     111
 746;     146
 747;     121
 748;     111
 749;     135
 750;     131
 751;     151
 752;     141
 753;     184
 754;     173
 755;     171
 756;     177
 757;     162
 758;     146
 759;     164
 760;     161
 761;     123
 762;     118
 763;     115
 764;     112
 765;      97
 766;      83
 767;      88
 768;      73
 769;      64
 770;      70
 771;      64
 772;      76
 773;      73
 774;      91
 775;      46
 776;      71
 777;      75
 778;      68
 779;      83
 780;      76
 781;      77
 782;      78
 783;      74
 784;      72
 785;      82
 786;      73
 787;      80
 788;      75
 789;      84
 790;      76
 791;      61
 792;      71
 793;      60
 794;      65
 795;      61
 796;      68
 797;      72
 798;      68
 799;      63
 800;      59
 801;      69
 802;      57
 803;      69
 804;      58
 805;      61
 806;      74
 807;      64
 808;      54
 809;      69
 810;      47
 811;      63
 812;      64
 813;      48
 814;      59
 815;      55
 816;      57
 817;      68
 818;      54
 819;      72
 820;      58
 821;      73
 822;      59
 823;      71
 824;      58
 825;      70
 826;      56
 827;      54
 828;      58
 829;      54
 830;      50
 831;      59
 832;      59
 833;      49
 834;      59
 835;      71
 836;      66
 837;      57
 838;      58
 839;      57
 840;      69
 841;      59
 842;      52
 843;      65
 844;      62
 845;      51
 846;      63
 847;      40
 848;      53
 849;      76
 850;      48
 851;      62
 852;      55
 853;      71
 854;      54
 855;      70
 856;      82
 857;      90
 858;      71
 859;      93
 860;      82
 861;      86
 862;      71
 863;      87
 864;      74
 865;      78
 866;      89
 867;      71
 868;      66
 869;      50
 870;      57
 871;      58
 872;      65
 873;      55
 874;      48
 875;      45
 876;      57
 877;      57
 878;      73
 879;      47
 880;      54
 881;      52
 882;      42
 883;      67
 884;      63
 885;      48
 886;      69
 887;      62
 888;      52
 889;      78
 890;      78
 891;      58
 892;      54
 893;      53
 894;      79
 895;      59
 896;      72
 897;      75
 898;      70
 899;      64
 900;      58
 901;      70
 902;      66
 903;      71
 904;      63
 905;      60
 906;      82
 907;      78
 908;      78
 909;      81
 910;      65
 911;      85
 912;      82
 913;      78
 914;      86
 915;      85
 916;      73
 917;      78
 918;      92
 919;      98
 920;      89
 921;      99
 922;      81
 923;      97
 924;     102
 925;     114
 926;     124
 927;     112
 928;     124
 929;     127
 930;     140
 931;     125
 932;     143
 933;     148
 934;     138
 935;     184
 936;     151
 937;     153
 938;     192
 939;     151
 940;     175
 941;     147
 942;     165
 943;     171
 944;     157
 945;     169
 946;     157
 947;     172
 948;     205
 949;     166
 950;     191
 951;     164
 952;     188
 953;     151
 954;     149
 955;     150
 956;     161
 957;     141
 958;     131
 959;     136
 960;     149
 961;     116
 962;     118
 963;     107
 964;     134
 965;     113
 966;      99
 967;      83
 968;      93
 969;      97
 970;      93
 971;      76
 972;      90
 973;      79
 974;      66
 975;      65
 976;      65
 977;      67
 978;      66
 979;      74
 980;      56
 981;      48
 982;      51
 983;      65
 984;      45
 985;      48
 986;      54
 987;      43
 988;      46
 989;      56
 990;      59
 991;      49
 992;      54
 993;      56
 994;      73
 995;      66
 996;      84
 997;     103
 998;     114
 999;     113
1000;     113
1001;     136
1002;     111
1003;     144
1004;     122
1005;     153
1006;     142
1007;     156
1008;     122
1009;     119
1010;     126
1011;     110
1012;      92
1013;      95
1014;      87
1015;      66
1016;      62
1017;      58
1018;      45
1019;      41
1020;      46
1021;      41
1022;      36
1023;      50
1024;      40
1025;      40
1026;      45
1027;      37
1028;      41
1029;      45
1030;      46
1031;      63
1032;      44
1033;      45
1034;      57
1035;      41
1036;      56
1037;      52
1038;      46
1039;      52
1040;      63
1041;      65
1042;      70
1043;      60
1044;      89
1045;      83
1046;      79
1047;      88
1048;      90
1049;      85
1050;      88
1051;      90
1052;     112
1053;     109
1054;      90
1055;      95
1056;     102
1057;     100
1058;      94
1059;      73
1060;      94
1061;      68
1062;      79
1063;      55
1064;      56
1065;      59
1066;      57
1067;      53
1068;      52
1069;      48
1070;      49
1071;      46
1072;      51
1073;      36
1074;      36
1075;      46
1076;      44
1077;      45
1078;      51
1079;      43
1080;      41
1081;      39
1082;      38
1083;      33
1084;      31
1085;      37
1086;      36
1087;      40
1088;      38
1089;      35
1090;      42
1091;      31
1092;      35
1093;      31
1094;      31
1095;      31
1096;      31
1097;      28
1098;      38
1099;      21
1100;      19
1101;      35
1102;      28
1103;      21
1104;      27
1105;      27
1106;      28
1107;      33
1108;      25
1109;      22
1110;      31
1111;      36
1112;      30
1113;      27
1114;      33
1115;      33
1116;      36
1117;      29
1118;      21
1119;      24
1120;      25
1121;      36
1122;      29
1123;      35
1124;      36
1125;      33
1126;      35
1127;      37
1128;      38
1129;      40
1130;      36
1131;      31
1132;      41
1133;      36
1134;      40
1135;      35
1136;      41
1137;      36
1138;      42
1139;      32
1140;      36
1141;      35
1142;      36
1143;      26
1144;      30
1145;      37
1146;      38
1147;      34
1148;      24
1149;      33
1150;      45
1151;      41
1152;      32
1153;      50
1154;      29
1155;      41
1156;      35
1157;      31
1158;      34
1159;      30
1160;      36
1161;      26
1162;      36
1163;      20
1164;      23
1165;      30
1166;      28
1167;      28
1168;      31
1169;      26
1170;      24
1171;      24
1172;      24
1173;      15
1174;      25
1175;      25
1176;      26
1177;      36
1178;      27
1179;      33
1180;      33
1181;      23
1182;      22
1183;      38
1184;      35
1185;      30
1186;      24
1187;      29
1188;      36
1189;      36
1190;      30
1191;      26
1192;      27
1193;      37
1194;      16
1195;      22
1196;      18
1197;      22
1198;      16
1199;      29
1200;      26
1201;      21
1202;      16
1203;      13
1204;      17
1205;      17
1206;      21
1207;      21
1208;      25
1209;      22
1210;      25
1211;      17
1212;      17
1213;      19
1214;      19
1215;      17
1216;      26
1217;      17
1218;      19
1219;      23
1220;      17
1221;      14
1222;      23
1223;      25
1224;      18
1225;      14
1226;       9
1227;      16
1228;      25
1229;      21
1230;      22
1231;      14
1232;      18
1233;      15
1234;      21
1235;      15
1236;      32
1237;      20
1238;      20
1239;      24
1240;      24
1241;      24
1242;      21
1243;      29
1244;      13
1245;      18
1246;      27
1247;      18
1248;      17
1249;      23
1250;      25
1251;      26
1252;      18
1253;      27
1254;      23
1255;      20
1256;      26
1257;      23
1258;      22
1259;      21
1260;      18
1261;      19
1262;      14
1263;      14
1264;      11
1265;      13
1266;      15
1267;      15
1268;      19
1269;      28
1270;      15
1271;      21
1272;      13
1273;      19
1274;      16
1275;      16
1276;      17
1277;      18
1278;      21
1279;      22
1280;      22
1281;      20
1282;      15
1283;      23
1284;      19
1285;      19
1286;      18
1287;      11
1288;      22
1289;      18
1290;      23
1291;      14
1292;      14
1293;      14
1294;      13
1295;      20
1296;      21
1297;      17
1298;      13
1299;      23
1300;      13
1301;      12
1302;      19
1303;      20
1304;      21
1305;      20
1306;      19
1307;      17
1308;      20
1309;      16
1310;      16
1311;      26
1312;      22
1313;      12
1314;      14
1315;       9
1316;      16
1317;      15
1318;      18
1319;      12
1320;      18
1321;      15
1322;      16
1323;      12
1324;      14
1325;      15
1326;      19
1327;      15
1328;       8
1329;      14
1330;      20
1331;      17
1332;      13
1333;      22
1334;      11
1335;      12
1336;       8
1337;      14
1338;      17
1339;      15
1340;      13
1341;      18
1342;      20
1343;      15
1344;      17
1345;      26
1346;      15
1347;      11
1348;      21
1349;      19
1350;      25
1351;      13
1352;      13
1353;      19
1354;      12
1355;      11
1356;      15
1357;       9
1358;      14
1359;       8
1360;      16
1361;      12
1362;      16
1363;      14
1364;      12
1365;      14
1366;      12
1367;      13
1368;      12
1369;      14
1370;      14
1371;      13
1372;      16
1373;      10
1374;      22
1375;       7
1376;      11
1377;      15
1378;      17
1379;       9
1380;      17
1381;       9
1382;       9
1383;      10
1384;      13
1385;      13
1386;      13
1387;      21
1388;      14
1389;      11
1390;      12
1391;      17
1392;       8
1393;      15
1394;       8
1395;      13
1396;       2
1397;      15
1398;      12
1399;      16
1400;      11
1401;      11
1402;       9
1403;      11
1404;      15
1405;      12
1406;      17
1407;      14
1408;      12
1409;       9
1410;      17
1411;       5
1412;       7
1413;      10
1414;      12
1415;       8
1416;      14
1417;       9
1418;      12
1419;      15
1420;       4
1421;       9
1422;       6
1423;       8
1424;      11
1425;       7
1426;       8
1427;      13
1428;       6
1429;       7
1430;       8
1431;      12
1432;       8
1433;      12
1434;       6
1435;      18
1436;      13
1437;      11
1438;      16
1439;      12
1440;      14
1441;       7
1442;      10
1443;      11
1444;       6
1445;      13
1446;      13
1447;       8
1448;       5
1449;      10
1450;      13
1451;      11
1452;       7
1453;      13
1454;       7
1455;       5
1456;       7
1457;       8
1458;      10
1459;       8
1460;      11
1461;      10
1462;      12
1463;      16
1464;      21
1465;       8
1466;       7
1467;      11
1468;       7
1469;      14
1470;      14
1471;       8
1472;       9
1473;      15
1474;       9
1475;       8
1476;       6
1477;      11
1478;       9
1479;       6
1480;      17
1481;       7
1482;       4
1483;       7
1484;       9
1485;       6
1486;       9
1487;       6
1488;      11
1489;      11
1490;       3
1491;       7
1492;       7
1493;       5
1494;      10
1495;      11
1496;      11
1497;       5
1498;       6
1499;       9
1500;      14
1501;      10
1502;       5
1503;       7
1504;      10
1505;       6
1506;      17
1507;       9
1508;       4
1509;       9
1510;       9
1511;       7
1512;       5
1513;       8
1514;      13
1515;       1
1516;       8
1517;       9
1518;      10
1519;       6
1520;      10
1521;      11
1522;      10
1523;      10
1524;       4
1525;       3
1526;      15
1527;       6
1528;       8
1529;       5
1530;      12
1531;       9
1532;       7
1533;       7
1534;      18
1535;       8
1536;       9
1537;       8
1538;      11
1539;       7
1540;      12
1541;       6
1542;       7
1543;      11
1544;       8
1545;       8
1546;       6
1547;      11
1548;       7
1549;       7
1550;       5
1551;       8
1552;      11
1553;       4
1554;      10
1555;       8
1556;       4
1557;       5
1558;      10
1559;       8
1560;       3
1561;       5
1562;       3
1563;       7
1564;       6
1565;       9
1566;       9
1567;       2
1568;       7
1569;       7
1570;       7
1571;       9
1572;       3
1573;      10
1574;       3
1575;       6
1576;       5
1577;       8
1578;       9
1579;       8
1580;      11
1581;       3
1582;       5
1583;       5
1584;      14
1585;      10
1586;      11
1587;       8
1588;       9
1589;       8
1590;       9
1591;       6
1592;      14
1593;       6
1594;      11
1595;       4
1596;       9
1597;      13
1598;      14
1599;       3
1600;      16
1601;      13
1602;      16
1603;      15
1604;      14
1605;      12
1606;      10
1607;       5
1608;       7
1609;      14
1610;      14
1611;       9
1612;      11
1613;       6
1614;       5
1615;       6
1616;       7
1617;       5
1618;       9
1619;       7
1620;       9
1621;       9
1622;       9
1623;       3
1624;       3
1625;       2
1626;       2
1627;       4
1628;       5
1629;       5
1630;       7
1631;       1
1632;       3
1633;       2
1634;       1
1635;       9
1636;       4
1637;       5
1638;       3
1639;       7
1640;       3
1641;       2
1642;       8
1643;       3
1644;       7
1645;       2
1646;       3
1647;       7
1648;       2
1649;       7
1650;       5
1651;       4
1652;       4
1653;       3
1654;       3
1655;       9
1656;       5
1657;       6
1658;       3
1659;       3
1660;       2
1661;       7
1662;       6
1663;       3
1664;       4
1665;       3
1666;       3
1667;       3
1668;       3
1669;       1
1670;       2
1671;       1
1672;       3
1673;       4
1674;       2
1675;       3
1676;       4
1677;       2
1678;       1
1679;       0
1680;       7
1681;       4
1682;       4
1683;       4
1684;       0
1685;       3
1686;       4
1687;       2
1688;       3
1689;       3
1690;       3
1691;       2
1692;       4
1693;       0
1694;       2
1695;       1
1696;       3
1697;       3
1698;       8
1699;       0
1700;       1
1701;       5
1702;       2
1703;       2
1704;       2
1705;       1
1706;       3
1707;       2
1708;       2
1709;       6
1710;       3
1711;       2
1712;       2
1713;       1
1714;       3
1715;       4
1716;       1
1717;       3
1718;       2
1719;       0
1720;       2
1721;       0
1722;       3
1723;       3
1724;       1
1725;       3
1726;       1
1727;       1
1728;       0
1729;       1
1730;       3
1731;       1
1732;       1
1733;       0
1734;       2
1735;       0
1736;       1
1737;       4
1738;       1
1739;       0
1740;       1
1741;       1
1742;       2
1743;       3
1744;       1
1745;       2
1746;       2
1747;       0
1748;       0
1749;       0
1750;       4
1751;       1
1752;       2
1753;       0
1754;       2
1755;       1
1756;       1
1757;       1
1758;       0
1759;       0
1760;       1
1761;       1
1762;       2
1763;       1
1764;       1
1765;       0
1766;       0
1767;       0
1768;       0
1769;       1
1770;       6
1771;       0
1772;       1
1773;       2
1774;       0
1775;       0
1776;       0
1777;       0
1778;       1
1779;       0
1780;       2
1781;       0
1782;       1
1783;       0
1784;       0
1785;       1
1786;       0
1787;       2
1788;       0
1789;       0
1790;       0
1791;       0
1792;       0
1793;       0
1794;       1
1795;       1
1796;       0
1797;       1
1798;       2
1799;       2
1800;       1
1801;       0
1802;       0
1803;       2
1804;       3
1805;       0
1806;       1
1807;       2
1808;       1
1809;       0
1810;       1
1811;       2
1812;       4
1813;       0
1814;       0
1815;       1
1816;       2
1817;       2
1818;       1
1819;       0
1820;       2
1821;       0
1822;       1
1823;       0
1824;       1
1825;       0
1826;       1
1827;       1
1828;       1
1829;       0
1830;       1
1831;       1
1832;       2
1833;       0
1834;       1
1835;       1
1836;       0
1837;       1
1838;       0
1839;       0
1840;       1
1841;       0
1842;       0
1843;       0
1844;       1
1845;       0
1846;       0
1847;       0
1848;       0
1849;       2
1850;       0
1851;       0
1852;       0
1853;       1
1854;       0
1855;       1
1856;       2
1857;       0
1858;       0
1859;       0
1860;       1
1861;       0
1862;       0
1863;       0
1864;       0
1865;       1
1866;       0
1867;       0
1868;       1
1869;       0
1870;       0
1871;       1
1872;       0
1873;       0
1874;       0
1875;       0
1876;       1
1877;       0
1878;       1
1879;       0
1880;       0
1881;       0
1882;       0
1883;       0
1884;       0
1885;       0
1886;       0
1887;       0
1888;       0
1889;       0
1890;       0
1891;       1
1892;       0
1893;       0
1894;       0
1895;       0
1896;       0
1897;       0
1898;       0
1899;       0
1900;       1
1901;       1
1902;       0
1903;       0
1904;       0
1905;       0
1906;       0
1907;       0
1908;       0
1909;       0
1910;       0
1911;       1
1912;       0
1913;       0
1914;       1
1915;       0
1916;       0
1917;       0
1918;       0
1919;       0
1920;       0
1921;       0
1922;       0
1923;       0
1924;       0
1925;       0
1926;       0
1927;       0
1928;       0
1929;       0
1930;       0
1931;       0
1932;       0
1933;       0
1934;       0
1935;       0
1936;       0
1937;       0
1938;       0
1939;       0
1940;       0
1941;       0
1942;       0
1943;       0
1944;       0
1945;       0
1946;       0
1947;       0
1948;       0
1949;       0
1950;       0
1951;       0
1952;       0
1953;       0
1954;       0
1955;       0
1956;       0
1957;       0
1958;       0
1959;       0
1960;       1
1961;       0
1962;       0
1963;       0
1964;       0
1965;       0
1966;       0
1967;       0
1968;       0
1969;       0
1970;       0
1971;       0
1972;       0
1973;       0
1974;       0
1975;       0
1976;       0
1977;       0
1978;       0
1979;       0
1980;       0
1981;       0
1982;       0
1983;       0
1984;       0
1985;       0
1986;       0
1987;       0
1988;       0
1989;       0
1990;       0
1991;       0
1992;       0
1993;       0
1994;       0
1995;       0
1996;       0
1997;       0
1998;       0
1999;       0
2000;       0
2001;       0
2002;       0
2003;       0
2004;       0
2005;       0
2006;       0
2007;       0
2008;       0
2009;       0
2010;       0
2011;       0
2012;       0
2013;       0
2014;       0
2015;       1
2016;       0
2017;       0
2018;       0
2019;       0
2020;       0
2021;       0
2022;       0
2023;       0
2024;       0
2025;       0
2026;       0
2027;       0
2028;       0
2029;       0
2030;       0
2031;       0
2032;       0
2033;       0
2034;       0
2035;       0
2036;       0
2037;       0
2038;       0
2039;       0
2040;       1
2041;       0
2042;       0
2043;       0
2044;       0
2045;       0
2046;       0
2047;       0
