   0;     930
   1;     680
   2;     452
   3;     270
   4;     115
   5;      43
   6;      16
   7;       5
   8;       0
   9;       0
  10;       0
  11;       0
  12;       0
  13;       1
  14;       0
  15;       0
  16;       0
  17;       0
  18;       0
  19;       0
  20;       0
  21;       0
  22;       0
  23;       0
  24;       0
  25;       0
  26;       1
  27;       0
  28;       0
  29;       8
  30;      26
  31;      85
  32;     121
  33;     117
  34;     118
  35;     148
  36;     124
  37;     128
  38;     115
  39;     118
  40;     126
  41;     129
  42;     140
  43;     120
  44;     136
  45;     121
  46;     155
  47;     121
  48;     137
  49;     118
  50;     126
  51;     104
  52;     120
  53;     138
  54;     124
  55;     136
  56;     111
  57;     122
  58;     131
  59;     113
  60;     130
  61;     119
  62;     102
  63;      98
  64;     124
  65;     107
  66;     102
  67;     113
  68;     101
  69;      97
  70;      92
  71;     103
  72;     117
  73;     141
  74;     101
  75;     108
  76;     100
  77;      94
  78;     103
  79;      98
  80;     113
  81;     108
  82;     112
  83;      91
  84;     115
  85;     124
  86;     106
  87;     122
  88;     108
  89;      96
  90;     103
  91;     133
  92;     119
  93;     101
  94;      94
  95;     113
  96;     109
  97;     115
  98;      88
  99;     124
 100;     104
 101;     112
 102;     136
 103;      96
 104;     101
 105;      97
 106;     122
 107;     118
 108;     121
 109;     135
 110;     148
 111;     166
 112;     185
 113;     245
 114;     286
 115;     252
 116;     299
 117;     296
 118;     266
 119;     231
 120;     215
 121;     206
 122;     200
 123;     207
 124;     190
 125;     172
 126;     235
 127;     255
 128;     303
 129;     444
 130;     596
 131;     856
 132;    1066
 133;    1318
 134;    1435
 135;    1418
 136;    1248
 137;    1096
 138;    1043
 139;     982
 140;     969
 141;    1022
 142;    1071
 143;    1140
 144;    1225
 145;    1386
 146;    1520
 147;    1551
 148;    1403
 149;    1256
 150;    1077
 151;     822
 152;     600
 153;     437
 154;     358
 155;     338
 156;     329
 157;     349
 158;     335
 159;     313
 160;     317
 161;     270
 162;     228
 163;     234
 164;     235
 165;     205
 166;     214
 167;     186
 168;     193
 169;     222
 170;     220
 171;     203
 172;     180
 173;     174
 174;     172
 175;     157
 176;     191
 177;     199
 178;     216
 179;     255
 180;     319
 181;     388
 182;     469
 183;     473
 184;     486
 185;     457
 186;     435
 187;     360
 188;     341
 189;     269
 190;     239
 191;     245
 192;     221
 193;     214
 194;     252
 195;     288
 196;     298
 197;     314
 198;     309
 199;     356
 200;     314
 201;     312
 202;     280
 203;     276
 204;     280
 205;     261
 206;     245
 207;     254
 208;     234
 209;     271
 210;     262
 211;     261
 212;     291
 213;     252
 214;     304
 215;     385
 216;     477
 217;     634
 218;     977
 219;    1251
 220;    1701
 221;    2026
 222;    2287
 223;    2322
 224;    2057
 225;    1805
 226;    1351
 227;    1013
 228;     723
 229;     553
 230;     431
 231;     344
 232;     316
 233;     348
 234;     400
 235;     532
 236;     748
 237;     948
 238;    1146
 239;    1430
 240;    1544
 241;    1679
 242;    1645
 243;    1490
 244;    1320
 245;    1078
 246;     941
 247;     747
 248;     570
 249;     511
 250;     447
 251;     428
 252;     416
 253;     475
 254;     543
 255;     651
 256;     647
 257;     709
 258;     697
 259;     634
 260;     582
 261;     467
 262;     442
 263;     382
 264;     364
 265;     401
 266;     451
 267;     497
 268;     543
 269;     564
 270;     674
 271;     599
 272;     682
 273;     633
 274;     556
 275;     597
 276;     521
 277;     509
 278;     451
 279;     412
 280;     389
 281;     308
 282;     325
 283;     325
 284;     330
 285;     319
 286;     371
 287;     361
 288;     406
 289;     401
 290;     398
 291;     452
 292;     396
 293;     423
 294;     419
 295;     406
 296;     425
 297;     409
 298;     361
 299;     377
 300;     389
 301;     347
 302;     353
 303;     305
 304;     365
 305;     354
 306;     357
 307;     366
 308;     363
 309;     425
 310;     418
 311;     432
 312;     449
 313;     578
 314;     636
 315;     711
 316;     720
 317;     883
 318;     841
 319;     867
 320;     777
 321;     709
 322;     747
 323;     564
 324;     452
 325;     434
 326;     401
 327;     381
 328;     378
 329;     297
 330;     346
 331;     373
 332;     352
 333;     349
 334;     331
 335;     355
 336;     379
 337;     407
 338;     418
 339;     438
 340;     438
 341;     437
 342;     480
 343;     525
 344;     508
 345;     524
 346;     499
 347;     522
 348;     468
 349;     487
 350;     473
 351;     455
 352;     459
 353;     465
 354;     454
 355;     401
 356;     446
 357;     462
 358;     504
 359;     522
 360;     592
 361;     621
 362;     652
 363;     765
 364;     753
 365;     743
 366;     846
 367;     856
 368;     999
 369;    1051
 370;    1136
 371;    1215
 372;    1258
 373;    1215
 374;    1114
 375;    1032
 376;     861
 377;     686
 378;     621
 379;     494
 380;     395
 381;     374
 382;     339
 383;     345
 384;     316
 385;     336
 386;     319
 387;     315
 388;     310
 389;     334
 390;     353
 391;     342
 392;     331
 393;     345
 394;     377
 395;     379
 396;     400
 397;     397
 398;     396
 399;     443
 400;     424
 401;     416
 402;     463
 403;     483
 404;     474
 405;     499
 406;     478
 407;     473
 408;     467
 409;     511
 410;     527
 411;     544
 412;     569
 413;     553
 414;     545
 415;     559
 416;     588
 417;     663
 418;     803
 419;    1003
 420;    1467
 421;    2307
 422;    3744
 423;    6020
 424;    9352
 425;   13658
 426;   19106
 427;   24609
 428;   29938
 429;   34158
 430;   36003
 431;   34949
 432;   32917
 433;   28050
 434;   22559
 435;   16853
 436;   11790
 437;    7809
 438;    4859
 439;    2858
 440;    1693
 441;     983
 442;     643
 443;     468
 444;     372
 445;     348
 446;     343
 447;     330
 448;     322
 449;     326
 450;     377
 451;     392
 452;     455
 453;     580
 454;     648
 455;     701
 456;     796
 457;     830
 458;     850
 459;     798
 460;     821
 461;     700
 462;     668
 463;     602
 464;     568
 465;     553
 466;     546
 467;     630
 468;     744
 469;     968
 470;    1278
 471;    1804
 472;    2396
 473;    3126
 474;    3903
 475;    4542
 476;    5005
 477;    5173
 478;    5042
 479;    4776
 480;    3990
 481;    3375
 482;    2593
 483;    1835
 484;    1309
 485;     846
 486;     587
 487;     416
 488;     332
 489;     281
 490;     221
 491;     205
 492;     210
 493;     167
 494;     182
 495;     175
 496;     182
 497;     229
 498;     214
 499;     204
 500;     187
 501;     203
 502;     196
 503;     225
 504;     189
 505;     237
 506;     204
 507;     233
 508;     228
 509;     226
 510;     258
 511;     252
 512;     302
 513;     397
 514;     519
 515;     656
 516;     864
 517;    1199
 518;    1665
 519;    2174
 520;    3083
 521;    3868
 522;    4784
 523;    5856
 524;    6596
 525;    7225
 526;    7133
 527;    6797
 528;    6414
 529;    5465
 530;    4653
 531;    3574
 532;    2679
 533;    1825
 534;    1256
 535;     886
 536;     596
 537;     391
 538;     321
 539;     260
 540;     268
 541;     230
 542;     188
 543;     193
 544;     191
 545;     211
 546;     198
 547;     165
 548;     171
 549;     176
 550;     170
 551;     181
 552;     170
 553;     154
 554;     174
 555;     165
 556;     148
 557;     207
 558;     171
 559;     180
 560;     209
 561;     234
 562;     253
 563;     258
 564;     248
 565;     279
 566;     259
 567;     258
 568;     257
 569;     265
 570;     232
 571;     234
 572;     196
 573;     210
 574;     187
 575;     168
 576;     170
 577;     153
 578;     183
 579;     162
 580;     172
 581;     184
 582;     178
 583;     177
 584;     159
 585;     182
 586;     167
 587;     180
 588;     182
 589;     164
 590;     162
 591;     176
 592;     173
 593;     177
 594;     172
 595;     193
 596;     170
 597;     194
 598;     249
 599;     242
 600;     205
 601;     278
 602;     287
 603;     276
 604;     342
 605;     391
 606;     388
 607;     427
 608;     445
 609;     458
 610;     506
 611;     550
 612;     540
 613;     521
 614;     558
 615;     597
 616;     538
 617;     534
 618;     674
 619;     803
 620;    1005
 621;    1321
 622;    1810
 623;    2422
 624;    3209
 625;    4059
 626;    4773
 627;    5382
 628;    5826
 629;    6270
 630;    6076
 631;    5592
 632;    5009
 633;    4177
 634;    3550
 635;    2791
 636;    2128
 637;    1688
 638;    1297
 639;     986
 640;     801
 641;     675
 642;     554
 643;     483
 644;     441
 645;     424
 646;     421
 647;     376
 648;     382
 649;     374
 650;     364
 651;     347
 652;     312
 653;     279
 654;     247
 655;     239
 656;     210
 657;     173
 658;     172
 659;     156
 660;     144
 661;     131
 662;     114
 663;     120
 664;     141
 665;     142
 666;     136
 667;     144
 668;     137
 669;     114
 670;     110
 671;     106
 672;     125
 673;     118
 674;     119
 675;     116
 676;     108
 677;     105
 678;     108
 679;     102
 680;     107
 681;     116
 682;     100
 683;     109
 684;      83
 685;     104
 686;      86
 687;     105
 688;     104
 689;     114
 690;     109
 691;     131
 692;     113
 693;     110
 694;      93
 695;     115
 696;     125
 697;     126
 698;     117
 699;     115
 700;     106
 701;     136
 702;     127
 703;     173
 704;     126
 705;     168
 706;     143
 707;     160
 708;     158
 709;     161
 710;     164
 711;     135
 712;     148
 713;     130
 714;     113
 715;     141
 716;     134
 717;     120
 718;     118
 719;     109
 720;     104
 721;      97
 722;     109
 723;     104
 724;     128
 725;     139
 726;     162
 727;     218
 728;     269
 729;     310
 730;     403
 731;     529
 732;     553
 733;     624
 734;     718
 735;     798
 736;     855
 737;     779
 738;     737
 739;     697
 740;     620
 741;     466
 742;     394
 743;     356
 744;     294
 745;     235
 746;     234
 747;     177
 748;     184
 749;     208
 750;     183
 751;     199
 752;     230
 753;     281
 754;     290
 755;     316
 756;     314
 757;     280
 758;     257
 759;     303
 760;     285
 761;     212
 762;     203
 763;     190
 764;     157
 765;     115
 766;     118
 767;     110
 768;      85
 769;      70
 770;      79
 771;      87
 772;      92
 773;      74
 774;      70
 775;      75
 776;      86
 777;      73
 778;      84
 779;      73
 780;      74
 781;      79
 782;     103
 783;      98
 784;     105
 785;      92
 786;     108
 787;     106
 788;     107
 789;      80
 790;      97
 791;      85
 792;      93
 793;      97
 794;      93
 795;      86
 796;      79
 797;      79
 798;      73
 799;      78
 800;      62
 801;      71
 802;      79
 803;      61
 804;      73
 805;      73
 806;      77
 807;      80
 808;      59
 809;      70
 810;      73
 811;      64
 812;      64
 813;      76
 814;      47
 815;      59
 816;      67
 817;      75
 818;      68
 819;      69
 820;      65
 821;      69
 822;      72
 823;      57
 824;      66
 825;      60
 826;      57
 827;      77
 828;      58
 829;      68
 830;      49
 831;      66
 832;      50
 833;      68
 834;      58
 835;      61
 836;      44
 837;      66
 838;      70
 839;      63
 840;      68
 841;      54
 842;      62
 843;      54
 844;      74
 845;      53
 846;      54
 847;      49
 848;      76
 849;      85
 850;      67
 851;      60
 852;      66
 853;      65
 854;      53
 855;      89
 856;      70
 857;      77
 858;      75
 859;      81
 860;      92
 861;      94
 862;      80
 863;      90
 864;      99
 865;      92
 866;      78
 867;      73
 868;      61
 869;      60
 870;      79
 871;      62
 872;      56
 873;      62
 874;      68
 875;      59
 876;      61
 877;      53
 878;      76
 879;      72
 880;      50
 881;      68
 882;      65
 883;      63
 884;      66
 885;      53
 886;      50
 887;      64
 888;      69
 889;      65
 890;      78
 891;      61
 892;      52
 893;      66
 894;      65
 895;      72
 896;      73
 897;      69
 898;      72
 899;      51
 900;      83
 901;      64
 902;      85
 903;      66
 904;      83
 905;      72
 906;      75
 907;      71
 908;      71
 909;      75
 910;      77
 911;      62
 912;      85
 913;      80
 914;      97
 915;      94
 916;      85
 917;      74
 918;      97
 919;     100
 920;     101
 921;     103
 922;      93
 923;     104
 924;      99
 925;     108
 926;     138
 927;     130
 928;     149
 929;     155
 930;     127
 931;     166
 932;     156
 933;     148
 934;     173
 935;     166
 936;     171
 937;     173
 938;     181
 939;     192
 940;     176
 941;     186
 942;     221
 943;     203
 944;     183
 945;     205
 946;     188
 947;     212
 948;     218
 949;     213
 950;     174
 951;     197
 952;     192
 953;     169
 954;     152
 955;     180
 956;     165
 957;     153
 958;     162
 959;     141
 960;     147
 961;     132
 962;     128
 963;     136
 964;     130
 965;     121
 966;     110
 967;     101
 968;      96
 969;      91
 970;      71
 971;     107
 972;      87
 973;      71
 974;      60
 975;      71
 976;      85
 977;      64
 978;      63
 979;      64
 980;      65
 981;      76
 982;      63
 983;      56
 984;      71
 985;      59
 986;      59
 987;      62
 988;      53
 989;      67
 990;      61
 991;      61
 992;      62
 993;      71
 994;      65
 995;      81
 996;      79
 997;      98
 998;     104
 999;     121
1000;     118
1001;     123
1002;     148
1003;     149
1004;     168
1005;     152
1006;     157
1007;     166
1008;     151
1009;     131
1010;     132
1011;     133
1012;     134
1013;     107
1014;      80
1015;      78
1016;      64
1017;      73
1018;      60
1019;      53
1020;      44
1021;      43
1022;      41
1023;      41
1024;      58
1025;      49
1026;      61
1027;      41
1028;      42
1029;      37
1030;      37
1031;      50
1032;      68
1033;      46
1034;      46
1035;      51
1036;      36
1037;      61
1038;      57
1039;      65
1040;      57
1041;      59
1042;      63
1043;      64
1044;      74
1045;      89
1046;      90
1047;      96
1048;     105
1049;      86
1050;     106
1051;     101
1052;     100
1053;     117
1054;     119
1055;     120
1056;     125
1057;      94
1058;     102
1059;     102
1060;      99
1061;      89
1062;      83
1063;      74
1064;      74
1065;      71
1066;      59
1067;      56
1068;      63
1069;      53
1070;      54
1071;      38
1072;      49
1073;      50
1074;      55
1075;      49
1076;      57
1077;      59
1078;      57
1079;      51
1080;      46
1081;      41
1082;      54
1083;      52
1084;      56
1085;      37
1086;      59
1087;      37
1088;      41
1089;      38
1090;      43
1091;      34
1092;      36
1093;      27
1094;      34
1095;      43
1096;      47
1097;      33
1098;      40
1099;      31
1100;      29
1101;      30
1102;      38
1103;      37
1104;      38
1105;      38
1106;      42
1107;      29
1108;      26
1109;      30
1110;      23
1111;      34
1112;      30
1113;      29
1114;      36
1115;      50
1116;      41
1117;      35
1118;      36
1119;      22
1120;      33
1121;      31
1122;      35
1123;      34
1124;      43
1125;      31
1126;      40
1127;      34
1128;      35
1129;      35
1130;      39
1131;      36
1132;      50
1133;      47
1134;      45
1135;      46
1136;      40
1137;      42
1138;      44
1139;      33
1140;      33
1141;      32
1142;      35
1143;      32
1144;      46
1145;      28
1146;      27
1147;      35
1148;      38
1149;      34
1150;      37
1151;      37
1152;      28
1153;      39
1154;      32
1155;      29
1156;      43
1157;      39
1158;      48
1159;      41
1160;      31
1161;      25
1162;      34
1163;      40
1164;      29
1165;      31
1166;      23
1167;      23
1168;      24
1169;      33
1170;      26
1171;      33
1172;      26
1173;      25
1174;      26
1175;      21
1176;      34
1177;      27
1178;      27
1179;      37
1180;      31
1181;      36
1182;      33
1183;      43
1184;      28
1185;      36
1186;      31
1187;      33
1188;      26
1189;      27
1190;      31
1191;      37
1192;      34
1193;      17
1194;      37
1195;      33
1196;      25
1197;      26
1198;      30
1199;      20
1200;      20
1201;      12
1202;      25
1203;      22
1204;      21
1205;      24
1206;      18
1207;      31
1208;      27
1209;      19
1210;      27
1211;      26
1212;      31
1213;      25
1214;      20
1215;      22
1216;      21
1217;      21
1218;      26
1219;      23
1220;      29
1221;      20
1222;      27
1223;      24
1224;      23
1225;      21
1226;      21
1227;      22
1228;      14
1229;      30
1230;      26
1231;      18
1232;      28
1233;      20
1234;      23
1235;      23
1236;      19
1237;      20
1238;      26
1239;      18
1240;      12
1241;      20
1242;      34
1243;      19
1244;      24
1245;      27
1246;      20
1247;      23
1248;      22
1249;      16
1250;      25
1251;      21
1252;      15
1253;      23
1254;      18
1255;      21
1256;      24
1257;      18
1258;      29
1259;      16
1260;      23
1261;      24
1262;      22
1263;      19
1264;      22
1265;      16
1266;      16
1267;      20
1268;      16
1269;      22
1270;      14
1271;      14
1272;      22
1273;      29
1274;      24
1275;      22
1276;      14
1277;      13
1278;      20
1279;      20
1280;      11
1281;      14
1282;      22
1283;      19
1284;      20
1285;      18
1286;      16
1287;      15
1288;      22
1289;      28
1290;      15
1291;      10
1292;      21
1293;      17
1294;      15
1295;      18
1296;      15
1297;      17
1298;      16
1299;      13
1300;      21
1301;      21
1302;      17
1303;      24
1304;      26
1305;      15
1306;      18
1307;      12
1308;      12
1309;      19
1310;      14
1311;      16
1312;      17
1313;      13
1314;      19
1315;      14
1316;      10
1317;      15
1318;      18
1319;      22
1320;      18
1321;      15
1322;      13
1323;      16
1324;      17
1325;      17
1326;       8
1327;      16
1328;      17
1329;      15
1330;      22
1331;      19
1332;      15
1333;      14
1334;      10
1335;      14
1336;      13
1337;      15
1338;      20
1339;      13
1340;      10
1341;      16
1342;      19
1343;      10
1344;      14
1345;      16
1346;      13
1347;      10
1348;      16
1349;      14
1350;      13
1351;      14
1352;      11
1353;      16
1354;      19
1355;      13
1356;      17
1357;      17
1358;      17
1359;      14
1360;      16
1361;      14
1362;      16
1363;      13
1364;      15
1365;      15
1366;      16
1367;      21
1368;      12
1369;      14
1370;       9
1371;      17
1372;      26
1373;      15
1374;      14
1375;      20
1376;      17
1377;      13
1378;      10
1379;      16
1380;       7
1381;       8
1382;      15
1383;      21
1384;      13
1385;      20
1386;      14
1387;      15
1388;      12
1389;      15
1390;      15
1391;      19
1392;      15
1393;      18
1394;      18
1395;      13
1396;      11
1397;       9
1398;      13
1399;      14
1400;      10
1401;       8
1402;      11
1403;      11
1404;       9
1405;      12
1406;      14
1407;      15
1408;       9
1409;       8
1410;      16
1411;      14
1412;      15
1413;      13
1414;      10
1415;       9
1416;      19
1417;      10
1418;      11
1419;      13
1420;      11
1421;      18
1422;      18
1423;      13
1424;      13
1425;      17
1426;      10
1427;      14
1428;      14
1429;       7
1430;       9
1431;      12
1432;      10
1433;      12
1434;      11
1435;      11
1436;       7
1437;      10
1438;      16
1439;      15
1440;      15
1441;      12
1442;      11
1443;      11
1444;      11
1445;      13
1446;      12
1447;       7
1448;       9
1449;      10
1450;      10
1451;       6
1452;      10
1453;      13
1454;       9
1455;       9
1456;       9
1457;      10
1458;      10
1459;      11
1460;       6
1461;      13
1462;      12
1463;      14
1464;       8
1465;       9
1466;       9
1467;      13
1468;       6
1469;      12
1470;       7
1471;       7
1472;       9
1473;      12
1474;       8
1475;       7
1476;      11
1477;      11
1478;       7
1479;       7
1480;       5
1481;      10
1482;       7
1483;      15
1484;       8
1485;       9
1486;       8
1487;       9
1488;       7
1489;      13
1490;       8
1491;       9
1492;      13
1493;       7
1494;       6
1495;       9
1496;      14
1497;      10
1498;       7
1499;      14
1500;       7
1501;       9
1502;      12
1503;      10
1504;       4
1505;      13
1506;      12
1507;       9
1508;      13
1509;       7
1510;      12
1511;      11
1512;       8
1513;       4
1514;       8
1515;       6
1516;       8
1517;       8
1518;       7
1519;       9
1520;       2
1521;       8
1522;      10
1523;      11
1524;       8
1525;       6
1526;       9
1527;       3
1528;       5
1529;       8
1530;       9
1531;       6
1532;       7
1533;       7
1534;       5
1535;       7
1536;       7
1537;       7
1538;       9
1539;       6
1540;       7
1541;       9
1542;       7
1543;      11
1544;       6
1545;       7
1546;      14
1547;       6
1548;       6
1549;       8
1550;       9
1551;       6
1552;      12
1553;       7
1554;       4
1555;      12
1556;      10
1557;       8
1558;       7
1559;      12
1560;      10
1561;       6
1562;       8
1563;       5
1564;       7
1565;       5
1566;       6
1567;      14
1568;       4
1569;       7
1570;      13
1571;       6
1572;       7
1573;      12
1574;      10
1575;       6
1576;       5
1577;       5
1578;       9
1579;      10
1580;      11
1581;       7
1582;       6
1583;       7
1584;       8
1585;       4
1586;      10
1587;      11
1588;       7
1589;      11
1590;      11
1591;       8
1592;      10
1593;       3
1594;      15
1595;       7
1596;      10
1597;       5
1598;       8
1599;       8
1600;      12
1601;       9
1602;       4
1603;       6
1604;      12
1605;       8
1606;      13
1607;       5
1608;      11
1609;       7
1610;       5
1611;      10
1612;       7
1613;       8
1614;       5
1615;       4
1616;       4
1617;       5
1618;       2
1619;       4
1620;       5
1621;       9
1622;       5
1623;       2
1624;       6
1625;       4
1626;       5
1627;       9
1628;       6
1629;       6
1630;       2
1631;       9
1632;       7
1633;       5
1634;       3
1635;       5
1636;       8
1637;       4
1638;       5
1639;       6
1640;       8
1641;       3
1642;       2
1643;       5
1644;       4
1645;       2
1646;       4
1647;       5
1648;       5
1649;       2
1650;       2
1651;       4
1652;       2
1653;       3
1654;       2
1655;       6
1656;       7
1657;       4
1658;       3
1659;       2
1660;       3
1661;       0
1662;       2
1663;       5
1664;       2
1665;       3
1666;       3
1667;       3
1668;       2
1669;       6
1670;       1
1671;       2
1672;       5
1673;       2
1674;       1
1675;       5
1676;       8
1677;       5
1678;       3
1679;       3
1680;       3
1681;       3
1682;       4
1683;       1
1684;       4
1685;       3
1686;       6
1687;       6
1688;       3
1689;       6
1690;       1
1691;       3
1692;       3
1693;       6
1694;       1
1695;       3
1696;       3
1697;       3
1698;       5
1699;       5
1700;       2
1701;       2
1702;       4
1703;       4
1704;       3
1705;       2
1706;       3
1707;       2
1708;       0
1709;       2
1710;       1
1711;       4
1712;       3
1713;       2
1714;       1
1715;       2
1716;       1
1717;       1
1718;       1
1719;       1
1720;       5
1721;       2
1722;       0
1723;       1
1724;       1
1725;       0
1726;       0
1727;       3
1728;       0
1729;       3
1730;       1
1731;       3
1732;       0
1733;       3
1734;       0
1735;       1
1736;       0
1737;       2
1738;       4
1739;       1
1740;       0
1741;       1
1742;       2
1743;       1
1744;       2
1745;       3
1746;       1
1747;       0
1748;       1
1749;       0
1750;       0
1751;       1
1752;       0
1753;       2
1754;       1
1755;       0
1756;       2
1757;       0
1758;       2
1759;       1
1760;       1
1761;       2
1762;       2
1763;       1
1764;       0
1765;       1
1766;       0
1767;       1
1768;       0
1769;       0
1770;       2
1771;       0
1772;       2
1773;       1
1774;       0
1775;       0
1776;       1
1777;       1
1778;       0
1779;       1
1780;       0
1781;       1
1782;       0
1783;       1
1784;       0
1785;       1
1786;       2
1787;       1
1788;       2
1789;       0
1790;       0
1791;       0
1792;       1
1793;       1
1794;       2
1795;       0
1796;       0
1797;       1
1798;       2
1799;       0
1800;       2
1801;       1
1802;       0
1803;       0
1804;       1
1805;       0
1806;       2
1807;       3
1808;       1
1809;       0
1810;       1
1811;       0
1812;       1
1813;       3
1814;       2
1815;       1
1816;       4
1817;       0
1818;       1
1819;       0
1820;       0
1821;       1
1822;       1
1823;       1
1824;       0
1825;       2
1826;       0
1827;       0
1828;       0
1829;       0
1830;       0
1831;       0
1832;       0
1833;       0
1834;       0
1835;       0
1836;       0
1837;       1
1838;       1
1839;       1
1840;       0
1841;       0
1842;       0
1843;       1
1844;       0
1845;       2
1846;       0
1847;       0
1848;       1
1849;       0
1850;       0
1851;       1
1852;       0
1853;       0
1854;       1
1855;       1
1856;       0
1857;       1
1858;       1
1859;       0
1860;       0
1861;       0
1862;       0
1863;       1
1864;       0
1865;       0
1866;       1
1867;       0
1868;       0
1869;       0
1870;       0
1871;       0
1872;       0
1873;       0
1874;       0
1875;       0
1876;       0
1877;       0
1878;       0
1879;       0
1880;       1
1881;       1
1882;       0
1883;       0
1884;       0
1885;       1
1886;       0
1887;       0
1888;       0
1889;       0
1890;       0
1891;       0
1892;       0
1893;       0
1894;       0
1895;       0
1896;       0
1897;       0
1898;       0
1899;       0
1900;       0
1901;       1
1902;       0
1903;       0
1904;       0
1905;       0
1906;       0
1907;       0
1908;       0
1909;       0
1910;       0
1911;       0
1912;       0
1913;       0
1914;       0
1915;       0
1916;       0
1917;       0
1918;       0
1919;       0
1920;       0
1921;       0
1922;       0
1923;       0
1924;       1
1925;       0
1926;       0
1927;       0
1928;       0
1929;       0
1930;       0
1931;       0
1932;       0
1933;       0
1934;       0
1935;       0
1936;       0
1937;       1
1938;       0
1939;       0
1940;       0
1941;       0
1942;       0
1943;       0
1944;       0
1945;       0
1946;       0
1947;       0
1948;       0
1949;       0
1950;       0
1951;       0
1952;       0
1953;       0
1954;       0
1955;       0
1956;       0
1957;       0
1958;       0
1959;       0
1960;       0
1961;       0
1962;       0
1963;       0
1964;       0
1965;       0
1966;       0
1967;       0
1968;       0
1969;       1
1970;       0
1971;       0
1972;       0
1973;       0
1974;       0
1975;       0
1976;       0
1977;       0
1978;       0
1979;       0
1980;       0
1981;       0
1982;       0
1983;       0
1984;       0
1985;       0
1986;       0
1987;       0
1988;       0
1989;       0
1990;       0
1991;       0
1992;       0
1993;       0
1994;       0
1995;       0
1996;       1
1997;       0
1998;       0
1999;       0
2000;       0
2001;       0
2002;       0
2003;       0
2004;       0
2005;       0
2006;       0
2007;       0
2008;       0
2009;       0
2010;       0
2011;       0
2012;       0
2013;       0
2014;       0
2015;       0
2016;       0
2017;       0
2018;       0
2019;       0
2020;       0
2021;       0
2022;       0
2023;       0
2024;       0
2025;       0
2026;       0
2027;       0
2028;       0
2029;       0
2030;       0
2031;       0
2032;       0
2033;       0
2034;       0
2035;       0
2036;       0
2037;       0
2038;       0
2039;       0
2040;       0
2041;       0
2042;       0
2043;       0
2044;       0
2045;       0
2046;       0
2047;       0
