   0;     869
   1;     696
   2;     504
   3;     280
   4;     126
   5;      42
   6;      13
   7;       5
   8;       1
   9;       0
  10;       0
  11;       0
  12;       0
  13;       0
  14;       0
  15;       0
  16;       0
  17;       0
  18;       0
  19;       0
  20;       0
  21;       0
  22;       0
  23;       0
  24;       0
  25;       0
  26;       0
  27;       0
  28;       1
  29;       7
  30;      31
  31;     101
  32;     110
  33;     135
  34;     138
  35;     140
  36;     132
  37;     131
  38;     139
  39;     142
  40;     119
  41;     122
  42;     121
  43;     115
  44;     131
  45;     138
  46;     162
  47;     127
  48;     123
  49;     124
  50;     118
  51;     123
  52;     113
  53;     133
  54;     118
  55;     121
  56;     120
  57;     127
  58;     126
  59;     146
  60;     108
  61;     125
  62;     129
  63;     109
  64;     111
  65;     111
  66;     112
  67;      99
  68;     128
  69;     100
  70;     123
  71;      92
  72;     119
  73;     105
  74;     118
  75;     102
  76;     137
  77;     104
  78;     108
  79;      92
  80;      98
  81;      96
  82;     105
  83;     139
  84;     109
  85;     113
  86;     122
  87;     134
  88;     105
  89;     116
  90;     103
  91;     113
  92;     106
  93;      89
  94;     105
  95;     115
  96;     105
  97;     116
  98;     104
  99;     129
 100;     106
 101;     114
 102;     103
 103;     115
 104;     120
 105;     109
 106;     101
 107;     108
 108;     141
 109;     117
 110;     119
 111;     166
 112;     191
 113;     203
 114;     222
 115;     226
 116;     230
 117;     218
 118;     209
 119;     189
 120;     178
 121;     172
 122;     193
 123;     184
 124;     204
 125;     185
 126;     212
 127;     261
 128;     339
 129;     456
 130;     585
 131;     782
 132;    1055
 133;    1281
 134;    1356
 135;    1373
 136;    1246
 137;    1121
 138;     990
 139;     938
 140;     995
 141;     989
 142;    1059
 143;    1118
 144;    1215
 145;    1427
 146;    1472
 147;    1591
 148;    1455
 149;    1281
 150;    1033
 151;     720
 152;     566
 153;     421
 154;     370
 155;     295
 156;     321
 157;     327
 158;     348
 159;     355
 160;     298
 161;     248
 162;     258
 163;     205
 164;     231
 165;     243
 166;     210
 167;     221
 168;     212
 169;     205
 170;     180
 171;     204
 172;     160
 173;     195
 174;     167
 175;     174
 176;     190
 177;     223
 178;     227
 179;     234
 180;     282
 181;     329
 182;     360
 183;     413
 184;     386
 185;     407
 186;     368
 187;     313
 188;     286
 189;     230
 190;     237
 191;     208
 192;     203
 193;     242
 194;     264
 195;     279
 196;     294
 197;     302
 198;     307
 199;     276
 200;     276
 201;     284
 202;     242
 203;     240
 204;     239
 205;     243
 206;     241
 207;     240
 208;     252
 209;     229
 210;     256
 211;     265
 212;     247
 213;     256
 214;     324
 215;     357
 216;     450
 217;     613
 218;     821
 219;    1067
 220;    1338
 221;    1588
 222;    1815
 223;    1828
 224;    1706
 225;    1466
 226;    1096
 227;     849
 228;     668
 229;     467
 230;     363
 231;     304
 232;     324
 233;     352
 234;     404
 235;     495
 236;     650
 237;     805
 238;    1019
 239;    1246
 240;    1391
 241;    1479
 242;    1358
 243;    1287
 244;    1168
 245;     914
 246;     765
 247;     680
 248;     540
 249;     468
 250;     409
 251;     355
 252;     411
 253;     468
 254;     529
 255;     621
 256;     612
 257;     614
 258;     637
 259;     610
 260;     557
 261;     529
 262;     538
 263;     601
 264;     788
 265;    1064
 266;    1470
 267;    1880
 268;    2263
 269;    2390
 270;    2557
 271;    2342
 272;    2011
 273;    1619
 274;    1326
 275;    1030
 276;     813
 277;     617
 278;     496
 279;     461
 280;     385
 281;     335
 282;     354
 283;     314
 284;     327
 285;     379
 286;     381
 287;     393
 288;     386
 289;     401
 290;     442
 291;     462
 292;     575
 293;     585
 294;     646
 295;     662
 296;     607
 297;     589
 298;     556
 299;     546
 300;     498
 301;     417
 302;     376
 303;     357
 304;     326
 305;     355
 306;     370
 307;     389
 308;     383
 309;     437
 310;     452
 311;     448
 312;     515
 313;     570
 314;     595
 315;     673
 316;     797
 317;     790
 318;     853
 319;     855
 320;     747
 321;     736
 322;     662
 323;     534
 324;     474
 325;     402
 326;     378
 327;     306
 328;     353
 329;     316
 330;     357
 331;     312
 332;     349
 333;     344
 334;     334
 335;     385
 336;     372
 337;     408
 338;     432
 339;     439
 340;     460
 341;     487
 342;     496
 343;     538
 344;     515
 345;     507
 346;     553
 347;     557
 348;     470
 349;     435
 350;     439
 351;     452
 352;     453
 353;     466
 354;     447
 355;     481
 356;     510
 357;     486
 358;     542
 359;     537
 360;     603
 361;     668
 362;     637
 363;     690
 364;     718
 365;     792
 366;     761
 367;     940
 368;     988
 369;    1007
 370;    1107
 371;    1083
 372;    1174
 373;    1103
 374;    1037
 375;     903
 376;     770
 377;     630
 378;     522
 379;     470
 380;     402
 381;     327
 382;     330
 383;     334
 384;     316
 385;     354
 386;     313
 387;     327
 388;     327
 389;     384
 390;     345
 391;     365
 392;     325
 393;     326
 394;     347
 395;     370
 396;     413
 397;     425
 398;     412
 399;     428
 400;     460
 401;     438
 402;     429
 403;     480
 404;     445
 405;     499
 406;     479
 407;     474
 408;     456
 409;     554
 410;     527
 411;     569
 412;     567
 413;     580
 414;     579
 415;     627
 416;     658
 417;     728
 418;     917
 419;    1220
 420;    1880
 421;    3150
 422;    4958
 423;    7957
 424;   12390
 425;   17973
 426;   24388
 427;   31117
 428;   37535
 429;   41844
 430;   43610
 431;   41925
 432;   38109
 433;   32187
 434;   25333
 435;   18743
 436;   12767
 437;    8340
 438;    5065
 439;    2910
 440;    1664
 441;    1053
 442;     664
 443;     482
 444;     386
 445;     380
 446;     320
 447;     307
 448;     342
 449;     319
 450;     322
 451;     352
 452;     405
 453;     479
 454;     506
 455;     542
 456;     606
 457;     618
 458;     610
 459;     585
 460;     606
 461;     584
 462;     524
 463;     519
 464;     508
 465;     498
 466;     602
 467;     697
 468;     854
 469;    1221
 470;    1705
 471;    2241
 472;    3188
 473;    4043
 474;    4978
 475;    5605
 476;    6233
 477;    6451
 478;    6075
 479;    5529
 480;    4581
 481;    3642
 482;    2827
 483;    1884
 484;    1307
 485;     907
 486;     577
 487;     413
 488;     270
 489;     257
 490;     186
 491;     176
 492;     187
 493;     198
 494;     174
 495;     143
 496;     163
 497;     159
 498;     171
 499;     161
 500;     169
 501;     177
 502;     167
 503;     169
 504;     185
 505;     157
 506;     193
 507;     179
 508;     174
 509;     185
 510;     183
 511;     199
 512;     207
 513;     252
 514;     335
 515;     357
 516;     495
 517;     669
 518;     947
 519;    1299
 520;    1633
 521;    2080
 522;    2515
 523;    3021
 524;    3228
 525;    3515
 526;    3473
 527;    3347
 528;    3004
 529;    2586
 530;    2049
 531;    1576
 532;    1192
 533;     880
 534;     584
 535;     392
 536;     314
 537;     232
 538;     194
 539;     177
 540;     159
 541;     176
 542;     155
 543;     150
 544;     164
 545;     148
 546;     150
 547;     151
 548;     146
 549;     164
 550;     137
 551;     139
 552;     164
 553;     146
 554;     142
 555;     147
 556;     154
 557;     124
 558;     142
 559;     147
 560;     219
 561;     183
 562;     196
 563;     191
 564;     194
 565;     200
 566;     203
 567;     196
 568;     172
 569;     169
 570;     157
 571;     168
 572;     157
 573;     134
 574;     140
 575;     158
 576;     152
 577;     139
 578;     137
 579;     173
 580;     149
 581;     131
 582;     139
 583;     143
 584;     136
 585;     132
 586;     125
 587;     132
 588;     155
 589;     144
 590;     147
 591;     160
 592;     123
 593;     147
 594;     142
 595;     160
 596;     164
 597;     142
 598;     183
 599;     160
 600;     170
 601;     176
 602;     203
 603;     200
 604;     228
 605;     206
 606;     238
 607;     293
 608;     298
 609;     301
 610;     316
 611;     345
 612;     316
 613;     346
 614;     323
 615;     342
 616;     368
 617;     380
 618;     432
 619;     535
 620;     734
 621;     869
 622;    1185
 623;    1547
 624;    1970
 625;    2448
 626;    2840
 627;    3272
 628;    3410
 629;    3455
 630;    3317
 631;    3077
 632;    2668
 633;    2193
 634;    1778
 635;    1473
 636;    1180
 637;     881
 638;     649
 639;     527
 640;     463
 641;     369
 642;     318
 643;     297
 644;     283
 645;     248
 646;     268
 647;     259
 648;     238
 649;     221
 650;     248
 651;     224
 652;     192
 653;     183
 654;     140
 655;     167
 656;     120
 657;     146
 658;     134
 659;     123
 660;     124
 661;     126
 662;     122
 663;     118
 664;     105
 665;     100
 666;      98
 667;     109
 668;     110
 669;     116
 670;     102
 671;     105
 672;      91
 673;      83
 674;     109
 675;      99
 676;      98
 677;      90
 678;      90
 679;      90
 680;      74
 681;      82
 682;      92
 683;      87
 684;      85
 685;      99
 686;     110
 687;      95
 688;      80
 689;      95
 690;     107
 691;     102
 692;     102
 693;     103
 694;      88
 695;      88
 696;      89
 697;     107
 698;     121
 699;      99
 700;     115
 701;     125
 702;     151
 703;     129
 704;     141
 705;     136
 706;     136
 707;     137
 708;     106
 709;     119
 710;     141
 711;     134
 712;     106
 713;     112
 714;     125
 715;     111
 716;     103
 717;      94
 718;      99
 719;      74
 720;      96
 721;     111
 722;     113
 723;      96
 724;     108
 725;     149
 726;     137
 727;     156
 728;     216
 729;     252
 730;     307
 731;     339
 732;     411
 733;     468
 734;     485
 735;     495
 736;     551
 737;     566
 738;     472
 739;     444
 740;     381
 741;     282
 742;     261
 743;     202
 744;     171
 745;     168
 746;     150
 747;     136
 748;     132
 749;     164
 750;     165
 751;     178
 752;     183
 753;     174
 754;     195
 755;     201
 756;     186
 757;     204
 758;     187
 759;     187
 760;     162
 761;     176
 762;     157
 763;     102
 764;     103
 765;      90
 766;      98
 767;      79
 768;      84
 769;      75
 770;      81
 771;      74
 772;      70
 773;      70
 774;      70
 775;      66
 776;      77
 777;      80
 778;      77
 779;      64
 780;      63
 781;      86
 782;      84
 783;      86
 784;      82
 785;      88
 786;      95
 787;      83
 788;     110
 789;      83
 790;      90
 791;      72
 792;      71
 793;      84
 794;      76
 795;      79
 796;      72
 797;      63
 798;      63
 799;      66
 800;      69
 801;      61
 802;      59
 803;      79
 804;      53
 805;      52
 806;      80
 807;      67
 808;      67
 809;      51
 810;      43
 811;      70
 812;      66
 813;      76
 814;      73
 815;      53
 816;      63
 817;      76
 818;      67
 819;      88
 820;      74
 821;      56
 822;      73
 823;      64
 824;      63
 825;      59
 826;      60
 827;      70
 828;      62
 829;      61
 830;      50
 831;      55
 832;      51
 833;      64
 834;      55
 835;      56
 836;      47
 837;      57
 838;      49
 839;      57
 840;      64
 841;      59
 842;      58
 843;      55
 844;      64
 845;      50
 846;      53
 847;      53
 848;      62
 849;      66
 850;      60
 851;      65
 852;      64
 853;      68
 854;      68
 855;      64
 856;      69
 857;      88
 858;      84
 859;      95
 860;     100
 861;      80
 862;      99
 863;      93
 864;      82
 865;      95
 866;      90
 867;      92
 868;      69
 869;      76
 870;      68
 871;      56
 872;      59
 873;      54
 874;      63
 875;      72
 876;      66
 877;      56
 878;      38
 879;      56
 880;      43
 881;      58
 882;      62
 883;      54
 884;      53
 885;      65
 886;      70
 887;      62
 888;      50
 889;      61
 890;      48
 891;      68
 892;      48
 893;      55
 894;      46
 895;      65
 896;      55
 897;      45
 898;      60
 899;      58
 900;      60
 901;      63
 902;      63
 903;      67
 904;      72
 905;      81
 906;      68
 907;      75
 908;      76
 909;      76
 910;      82
 911;      83
 912;      72
 913;      77
 914;      79
 915;      83
 916;      85
 917;      81
 918;      77
 919;     101
 920;      75
 921;      88
 922;     113
 923;      99
 924;     116
 925;     104
 926;     125
 927;     135
 928;     121
 929;     130
 930;     138
 931;     155
 932;     152
 933;     157
 934;     148
 935;     151
 936;     163
 937;     159
 938;     178
 939;     196
 940;     165
 941;     166
 942;     159
 943;     143
 944;     163
 945;     175
 946;     183
 947;     184
 948;     173
 949;     166
 950;     185
 951;     151
 952;     162
 953;     166
 954;     151
 955;     134
 956;     154
 957;     157
 958;     143
 959;     117
 960;     139
 961;     126
 962;     129
 963;     112
 964;     120
 965;     110
 966;     109
 967;      90
 968;      76
 969;     100
 970;      74
 971;      87
 972;      70
 973;      75
 974;      84
 975;      59
 976;      67
 977;      57
 978;      60
 979;      71
 980;      59
 981;      49
 982;      76
 983;      69
 984;      64
 985;      55
 986;      38
 987;      52
 988;      53
 989;      45
 990;      58
 991;      64
 992;      70
 993;      59
 994;      68
 995;      61
 996;      76
 997;      99
 998;      99
 999;     121
1000;     135
1001;     132
1002;     136
1003;     140
1004;     155
1005;     120
1006;     143
1007;     132
1008;     130
1009;     108
1010;     107
1011;      79
1012;      97
1013;     103
1014;      78
1015;      54
1016;      73
1017;      48
1018;      42
1019;      44
1020;      44
1021;      41
1022;      32
1023;      42
1024;      54
1025;      42
1026;      42
1027;      41
1028;      35
1029;      46
1030;      43
1031;      49
1032;      34
1033;      38
1034;      55
1035;      43
1036;      55
1037;      62
1038;      45
1039;      72
1040;      65
1041;      59
1042;      62
1043;      91
1044;      75
1045;      95
1046;      67
1047;      87
1048;      84
1049;     107
1050;      90
1051;     103
1052;     118
1053;      95
1054;      90
1055;      90
1056;      92
1057;     113
1058;      76
1059;     108
1060;      79
1061;      86
1062;      73
1063;      59
1064;      68
1065;      48
1066;      49
1067;      64
1068;      60
1069;      51
1070;      48
1071;      46
1072;      47
1073;      49
1074;      45
1075;      46
1076;      50
1077;      47
1078;      47
1079;      43
1080;      35
1081;      45
1082;      38
1083;      34
1084;      36
1085;      40
1086;      33
1087;      35
1088;      42
1089;      32
1090;      41
1091;      38
1092;      36
1093;      34
1094;      29
1095;      38
1096;      45
1097;      28
1098;      41
1099;      26
1100;      28
1101;      31
1102;      43
1103;      31
1104;      35
1105;      31
1106;      36
1107;      27
1108;      21
1109;      25
1110;      21
1111;      23
1112;      31
1113;      22
1114;      33
1115;      31
1116;      22
1117;      36
1118;      22
1119;      28
1120;      31
1121;      30
1122;      30
1123;      22
1124;      21
1125;      40
1126;      32
1127;      41
1128;      39
1129;      39
1130;      45
1131;      42
1132;      56
1133;      49
1134;      39
1135;      42
1136;      42
1137;      43
1138;      41
1139;      34
1140;      22
1141;      25
1142;      27
1143;      27
1144;      34
1145;      25
1146;      32
1147;      32
1148;      23
1149;      33
1150;      42
1151;      24
1152;      29
1153;      27
1154;      29
1155;      33
1156;      28
1157;      36
1158;      29
1159;      28
1160;      29
1161;      26
1162;      25
1163;      27
1164;      29
1165;      22
1166;      21
1167;      20
1168;      24
1169;      21
1170;      18
1171;      29
1172;      19
1173;      24
1174;      31
1175;      20
1176;      25
1177;      22
1178;      28
1179;      30
1180;      21
1181;      28
1182;      26
1183;      25
1184;      20
1185;      32
1186;      23
1187;      38
1188;      29
1189;      34
1190;      39
1191;      31
1192;      27
1193;      32
1194;      28
1195;      34
1196;      25
1197;      17
1198;      30
1199;      19
1200;      23
1201;      22
1202;      19
1203;      22
1204;      27
1205;      36
1206;      22
1207;      26
1208;      19
1209;      21
1210;      25
1211;      26
1212;      20
1213;      25
1214;      18
1215;      25
1216;      16
1217;      10
1218;      17
1219;      22
1220;      21
1221;      13
1222;      22
1223;      17
1224;      16
1225;      31
1226;      29
1227;      15
1228;      25
1229;      18
1230;      16
1231;      18
1232;      21
1233;      13
1234;      15
1235;      14
1236;      19
1237;      19
1238;      16
1239;      19
1240;      13
1241;      21
1242;      16
1243;      16
1244;      20
1245;      18
1246;      25
1247;      15
1248;      20
1249;      21
1250;      24
1251;      26
1252;      20
1253;      16
1254;      21
1255;      18
1256;      21
1257;      26
1258;      24
1259;      11
1260;      21
1261;      24
1262;      22
1263;      25
1264;      16
1265;      21
1266;      19
1267;      18
1268;      13
1269;      20
1270;      10
1271;      18
1272;      15
1273;      19
1274;      18
1275;      23
1276;      16
1277;      31
1278;      12
1279;      16
1280;      15
1281;      14
1282;       8
1283;      22
1284;      12
1285;      15
1286;      18
1287;      14
1288;      23
1289;      21
1290;      24
1291;      16
1292;      12
1293;      20
1294;      14
1295;      18
1296;      20
1297;      14
1298;      12
1299;      22
1300;      29
1301;      17
1302;      17
1303;      16
1304;      15
1305;      10
1306;      21
1307;       9
1308;       9
1309;      10
1310;      16
1311;      13
1312;      17
1313;      17
1314;      13
1315;      11
1316;      10
1317;      10
1318;      13
1319;       9
1320;      11
1321;      14
1322;      10
1323;      15
1324;      23
1325;      18
1326;      15
1327;      17
1328;      25
1329;      19
1330;      13
1331;      22
1332;      17
1333;      17
1334;      13
1335;      13
1336;       9
1337;      11
1338;      18
1339;      14
1340;      15
1341;      24
1342;      17
1343;      15
1344;      15
1345;      15
1346;      12
1347;       9
1348;      12
1349;      14
1350;      12
1351;      16
1352;       6
1353;      12
1354;       9
1355;      15
1356;       8
1357;      16
1358;      15
1359;      10
1360;       9
1361;      23
1362;      11
1363;      17
1364;      12
1365;      12
1366;      14
1367;       8
1368;      15
1369;      11
1370;      13
1371;      16
1372;      13
1373;      18
1374;      12
1375;       9
1376;      17
1377;      14
1378;      23
1379;      11
1380;      14
1381;      11
1382;      15
1383;      15
1384;      10
1385;      16
1386;      10
1387;      17
1388;      13
1389;      14
1390;      10
1391;      10
1392;      15
1393;      15
1394;      12
1395;      14
1396;      13
1397;       9
1398;      16
1399;      17
1400;      13
1401;       9
1402;       9
1403;      13
1404;      15
1405;      15
1406;       7
1407;      10
1408;       9
1409;       7
1410;      15
1411;      11
1412;      12
1413;       9
1414;      10
1415;       6
1416;       7
1417;      15
1418;       8
1419;      11
1420;      10
1421;       5
1422;      12
1423;      15
1424;       9
1425;      12
1426;      11
1427;       8
1428;      12
1429;       7
1430;      13
1431;       7
1432;       8
1433;      14
1434;       6
1435;       6
1436;       7
1437;      13
1438;      13
1439;      14
1440;       9
1441;      10
1442;      11
1443;       3
1444;       9
1445;       8
1446;       4
1447;       8
1448;      11
1449;      13
1450;       9
1451;       9
1452;      14
1453;       9
1454;      11
1455;      11
1456;       9
1457;       6
1458;      11
1459;      10
1460;      15
1461;       8
1462;      15
1463;       6
1464;      10
1465;      17
1466;       8
1467;      10
1468;      10
1469;       8
1470;       5
1471;       7
1472;      14
1473;       8
1474;      16
1475;      14
1476;       9
1477;      19
1478;      12
1479;      12
1480;       8
1481;       7
1482;       5
1483;       8
1484;       4
1485;      11
1486;       8
1487;       6
1488;      12
1489;      11
1490;       8
1491;      10
1492;       9
1493;       8
1494;      11
1495;      10
1496;       9
1497;       6
1498;      11
1499;      19
1500;       6
1501;       8
1502;       6
1503;       5
1504;       6
1505;      11
1506;       8
1507;       4
1508;       8
1509;       6
1510;       8
1511;      11
1512;       5
1513;       9
1514;       3
1515;       5
1516;       5
1517;       9
1518;      14
1519;       6
1520;       8
1521;       7
1522;      10
1523;       5
1524;       6
1525;       5
1526;       5
1527;      12
1528;      11
1529;      10
1530;      12
1531;       8
1532;      12
1533;      10
1534;       7
1535;       7
1536;       7
1537;      15
1538;       6
1539;      11
1540;      12
1541;       7
1542;       4
1543;       5
1544;      10
1545;       5
1546;       8
1547;       6
1548;       5
1549;       6
1550;       9
1551;       7
1552;       5
1553;       5
1554;       9
1555;       4
1556;      10
1557;       5
1558;       7
1559;       6
1560;       3
1561;       6
1562;       4
1563;       4
1564;       5
1565;       2
1566;       5
1567;       9
1568;       8
1569;       3
1570;       9
1571;       3
1572;       3
1573;       8
1574;       6
1575;       6
1576;       8
1577;       8
1578;       5
1579;       8
1580;       5
1581;       6
1582;       6
1583;      10
1584;      11
1585;       5
1586;       7
1587;       9
1588;       7
1589;      11
1590;       7
1591;       9
1592;      14
1593;      10
1594;      11
1595;      10
1596;       4
1597;      11
1598;       5
1599;      10
1600;       6
1601;      15
1602;      11
1603;       6
1604;      12
1605;      11
1606;      12
1607;       6
1608;       7
1609;      10
1610;       6
1611;       6
1612;       9
1613;      10
1614;       6
1615;       8
1616;      11
1617;       3
1618;       8
1619;       2
1620;       4
1621;       3
1622;       3
1623;       6
1624;       7
1625;       7
1626;       4
1627;       4
1628;       7
1629;       2
1630;       7
1631;       4
1632;       6
1633;       5
1634;       3
1635;       8
1636;       2
1637;       3
1638;       3
1639;       3
1640;       2
1641;       2
1642;       4
1643;       5
1644;       4
1645;       5
1646;       5
1647;       2
1648;       9
1649;       4
1650;       3
1651;       4
1652;       2
1653;       5
1654;       0
1655;       0
1656;       5
1657;       6
1658;       4
1659;       3
1660;       1
1661;       5
1662;       2
1663;       4
1664;       2
1665;       3
1666;       3
1667;       6
1668;       0
1669;       2
1670;       2
1671;       2
1672;       3
1673;       5
1674;       0
1675;       5
1676;       3
1677;       2
1678;       5
1679;       2
1680;       2
1681;       3
1682;       3
1683;       0
1684;       2
1685;       1
1686;       1
1687;       2
1688;       2
1689;       1
1690;       2
1691;       4
1692;       3
1693;       2
1694;       6
1695;       3
1696;       4
1697;       7
1698;       1
1699;       2
1700;       1
1701;       2
1702;       5
1703;       3
1704;       0
1705;       2
1706;       3
1707;       4
1708;       3
1709;       2
1710;       3
1711;       2
1712;       2
1713;       0
1714;       1
1715;       0
1716;       1
1717;       3
1718;       1
1719;       1
1720;       3
1721;       2
1722;       1
1723;       1
1724;       1
1725;       3
1726;       0
1727;       0
1728;       2
1729;       1
1730;       2
1731;       1
1732;       0
1733;       0
1734;       4
1735;       1
1736;       1
1737;       2
1738;       0
1739;       3
1740;       2
1741;       3
1742;       2
1743;       0
1744;       1
1745;       1
1746;       1
1747;       1
1748;       0
1749;       0
1750;       0
1751;       0
1752;       2
1753;       0
1754;       1
1755;       1
1756;       0
1757;       0
1758;       1
1759;       0
1760;       1
1761;       0
1762;       0
1763;       1
1764;       0
1765;       0
1766;       1
1767;       0
1768;       2
1769;       0
1770;       0
1771;       0
1772;       1
1773;       0
1774;       1
1775;       1
1776;       0
1777;       1
1778;       0
1779;       1
1780;       2
1781;       0
1782;       4
1783;       0
1784;       1
1785;       0
1786;       0
1787;       1
1788;       0
1789;       0
1790;       1
1791;       1
1792;       0
1793;       0
1794;       2
1795;       0
1796;       0
1797;       1
1798;       0
1799;       1
1800;       0
1801;       0
1802;       0
1803;       1
1804;       2
1805;       0
1806;       4
1807;       1
1808;       4
1809;       1
1810;       0
1811;       1
1812;       0
1813;       2
1814;       0
1815;       2
1816;       0
1817;       0
1818;       2
1819;       0
1820;       1
1821;       0
1822;       2
1823;       1
1824;       0
1825;       1
1826;       0
1827;       0
1828;       0
1829;       0
1830;       0
1831;       1
1832;       0
1833;       0
1834;       1
1835;       0
1836;       1
1837;       0
1838;       1
1839;       2
1840;       0
1841;       1
1842;       0
1843;       0
1844;       0
1845;       0
1846;       1
1847;       0
1848;       0
1849;       1
1850;       0
1851;       0
1852;       1
1853;       0
1854;       0
1855;       0
1856;       0
1857;       0
1858;       0
1859;       0
1860;       0
1861;       0
1862;       0
1863;       0
1864;       0
1865;       0
1866;       0
1867;       0
1868;       0
1869;       1
1870;       0
1871;       0
1872;       1
1873;       0
1874;       0
1875;       0
1876;       0
1877;       0
1878;       0
1879;       0
1880;       1
1881;       1
1882;       0
1883;       1
1884;       0
1885;       0
1886;       0
1887;       0
1888;       0
1889;       0
1890;       0
1891;       0
1892;       1
1893;       0
1894;       1
1895;       0
1896;       0
1897;       0
1898;       0
1899;       0
1900;       0
1901;       0
1902;       0
1903;       1
1904;       0
1905;       0
1906;       1
1907;       1
1908;       0
1909;       0
1910;       0
1911;       0
1912;       0
1913;       0
1914;       0
1915;       0
1916;       0
1917;       0
1918;       0
1919;       0
1920;       0
1921;       0
1922;       0
1923;       0
1924;       0
1925;       0
1926;       0
1927;       0
1928;       1
1929;       0
1930;       0
1931;       0
1932;       0
1933;       0
1934;       0
1935;       0
1936;       0
1937;       0
1938;       0
1939;       0
1940;       0
1941;       0
1942;       0
1943;       0
1944;       0
1945;       0
1946;       0
1947;       1
1948;       0
1949;       0
1950;       0
1951;       0
1952;       0
1953;       0
1954;       0
1955;       0
1956;       0
1957;       0
1958;       0
1959;       0
1960;       0
1961;       0
1962;       0
1963;       0
1964;       0
1965;       0
1966;       0
1967;       0
1968;       0
1969;       0
1970;       0
1971;       0
1972;       0
1973;       0
1974;       0
1975;       0
1976;       0
1977;       0
1978;       0
1979;       0
1980;       0
1981;       0
1982;       0
1983;       0
1984;       0
1985;       0
1986;       0
1987;       0
1988;       0
1989;       0
1990;       0
1991;       0
1992;       0
1993;       0
1994;       0
1995;       0
1996;       0
1997;       0
1998;       0
1999;       0
2000;       0
2001;       0
2002;       0
2003;       0
2004;       0
2005;       1
2006;       0
2007;       0
2008;       0
2009;       0
2010;       0
2011;       0
2012;       0
2013;       0
2014;       0
2015;       0
2016;       0
2017;       1
2018;       0
2019;       0
2020;       0
2021;       0
2022;       0
2023;       0
2024;       0
2025;       0
2026;       0
2027;       0
2028;       0
2029;       0
2030;       0
2031;       0
2032;       0
2033;       0
2034;       0
2035;       0
2036;       0
2037;       0
2038;       0
2039;       0
2040;       0
2041;       0
2042;       1
2043;       0
2044;       0
2045;       0
2046;       0
2047;       0
