   0;     898
   1;     701
   2;     504
   3;     268
   4;     141
   5;      48
   6;      12
   7;       8
   8;       2
   9;       1
  10;       0
  11;       1
  12;       0
  13;       1
  14;       0
  15;       0
  16;       0
  17;       0
  18;       1
  19;       0
  20;       0
  21;       0
  22;       0
  23;       0
  24;       0
  25;       0
  26;       0
  27;       0
  28;       2
  29;      11
  30;      33
  31;      88
  32;     128
  33;     147
  34;     164
  35;     176
  36;     156
  37;     151
  38;     154
  39;     140
  40;     128
  41;     140
  42;     133
  43;     144
  44;     149
  45;     133
  46;     150
  47;     157
  48;     163
  49;     155
  50;     135
  51;     161
  52;     150
  53;     135
  54;     146
  55;     162
  56;     159
  57;     154
  58;     146
  59;     141
  60;     154
  61;     155
  62;     139
  63;     125
  64;     126
  65;     113
  66;     150
  67;     109
  68;     112
  69;     127
  70;     126
  71;     134
  72;     117
  73;     143
  74;     137
  75;     156
  76;     126
  77;     120
  78;     145
  79;     136
  80;     138
  81;     124
  82;     125
  83;     142
  84;     157
  85;     145
  86;     165
  87;     129
  88;     154
  89;     163
  90;     126
  91;     155
  92;     169
  93;     177
  94;     216
  95;     217
  96;     241
  97;     265
  98;     267
  99;     227
 100;     164
 101;     194
 102;     141
 103;     143
 104;     163
 105;     150
 106;     163
 107;     154
 108;     166
 109;     193
 110;     184
 111;     228
 112;     282
 113;     325
 114;     388
 115;     408
 116;     438
 117;     417
 118;     405
 119;     319
 120;     327
 121;     316
 122;     289
 123;     275
 124;     257
 125;     244
 126;     248
 127;     318
 128;     397
 129;     518
 130;     707
 131;     859
 132;    1121
 133;    1322
 134;    1476
 135;    1508
 136;    1311
 137;    1259
 138;    1066
 139;    1106
 140;    1037
 141;    1097
 142;    1106
 143;    1194
 144;    1342
 145;    1460
 146;    1525
 147;    1704
 148;    1529
 149;    1394
 150;    1030
 151;     866
 152;     662
 153;     452
 154;     397
 155;     374
 156;     360
 157;     370
 158;     415
 159;     392
 160;     364
 161;     400
 162;     396
 163;     380
 164;     425
 165;     418
 166;     406
 167;     404
 168;     356
 169;     366
 170;     330
 171;     319
 172;     292
 173;     323
 174;     371
 175;     522
 176;     675
 177;    1154
 178;    1941
 179;    3212
 180;    5064
 181;    7185
 182;    9470
 183;   11139
 184;   11625
 185;   11130
 186;    8984
 187;    6768
 188;    4820
 189;    2802
 190;    1606
 191;     960
 192;     630
 193;     551
 194;     592
 195;     800
 196;    1103
 197;    1387
 198;    1769
 199;    1981
 200;    2142
 201;    2055
 202;    1715
 203;    1373
 204;    1033
 205;     732
 206;     496
 207;     399
 208;     302
 209;     279
 210;     270
 211;     317
 212;     280
 213;     266
 214;     311
 215;     330
 216;     343
 217;     498
 218;     700
 219;    1019
 220;    1382
 221;    1931
 222;    2590
 223;    2985
 224;    3314
 225;    3234
 226;    3054
 227;    2499
 228;    1900
 229;    1337
 230;     996
 231;     743
 232;     514
 233;     438
 234;     388
 235;     343
 236;     374
 237;     465
 238;     497
 239;     593
 240;     644
 241;     736
 242;     869
 243;     891
 244;     992
 245;     982
 246;     923
 247;     854
 248;     721
 249;     662
 250;     520
 251;     428
 252;     356
 253;     378
 254;     348
 255;     322
 256;     331
 257;     379
 258;     344
 259;     333
 260;     340
 261;     335
 262;     388
 263;     404
 264;     509
 265;     499
 266;     700
 267;     851
 268;     943
 269;    1046
 270;    1036
 271;     971
 272;     859
 273;     741
 274;     659
 275;     548
 276;     498
 277;     409
 278;     390
 279;     361
 280;     334
 281;     325
 282;     314
 283;     329
 284;     362
 285;     365
 286;     351
 287;     398
 288;     408
 289;     404
 290;     437
 291;     453
 292;     491
 293;     535
 294;     570
 295;     520
 296;     525
 297;     545
 298;     548
 299;     484
 300;     452
 301;     422
 302;     436
 303;     430
 304;     454
 305;     529
 306;     557
 307;     627
 308;     782
 309;     977
 310;    1400
 311;    2266
 312;    3734
 313;    5957
 314;    8934
 315;   12950
 316;   17040
 317;   20642
 318;   23149
 319;   23769
 320;   23013
 321;   19932
 322;   16010
 323;   11975
 324;    8135
 325;    5228
 326;    3132
 327;    1907
 328;    1069
 329;     723
 330;     565
 331;     442
 332;     391
 333;     449
 334;     405
 335;     411
 336;     415
 337;     432
 338;     468
 339;     483
 340;     508
 341;     533
 342;     638
 343;     739
 344;     937
 345;    1158
 346;    1592
 347;    2013
 348;    2659
 349;    3249
 350;    3544
 351;    3817
 352;    3816
 353;    3607
 354;    3287
 355;    2537
 356;    1999
 357;    1488
 358;    1131
 359;     905
 360;     742
 361;     710
 362;     708
 363;     708
 364;     717
 365;     741
 366;     815
 367;     842
 368;     903
 369;    1014
 370;    1060
 371;    1070
 372;    1095
 373;    1071
 374;     985
 375;     870
 376;     689
 377;     563
 378;     461
 379;     417
 380;     308
 381;     306
 382;     258
 383;     275
 384;     293
 385;     277
 386;     251
 387;     273
 388;     252
 389;     300
 390;     235
 391;     315
 392;     287
 393;     276
 394;     277
 395;     297
 396;     312
 397;     353
 398;     370
 399;     358
 400;     354
 401;     338
 402;     341
 403;     385
 404;     340
 405;     362
 406;     349
 407;     366
 408;     342
 409;     363
 410;     339
 411;     374
 412;     362
 413;     354
 414;     385
 415;     356
 416;     355
 417;     337
 418;     358
 419;     392
 420;     498
 421;     633
 422;     931
 423;    1408
 424;    2066
 425;    2877
 426;    3888
 427;    4761
 428;    5890
 429;    6576
 430;    6793
 431;    6566
 432;    5967
 433;    5278
 434;    4231
 435;    3239
 436;    2163
 437;    1550
 438;    1078
 439;     715
 440;     504
 441;     402
 442;     308
 443;     283
 444;     256
 445;     244
 446;     266
 447;     259
 448;     243
 449;     250
 450;     262
 451;     223
 452;     252
 453;     272
 454;     290
 455;     309
 456;     361
 457;     329
 458;     328
 459;     297
 460;     319
 461;     310
 462;     311
 463;     280
 464;     269
 465;     289
 466;     271
 467;     326
 468;     298
 469;     379
 470;     454
 471;     540
 472;     655
 473;     805
 474;     943
 475;    1111
 476;    1173
 477;    1169
 478;    1206
 479;     977
 480;    1023
 481;     836
 482;     648
 483;     490
 484;     417
 485;     374
 486;     348
 487;     277
 488;     246
 489;     254
 490;     204
 491;     226
 492;     254
 493;     220
 494;     243
 495;     233
 496;     220
 497;     251
 498;     264
 499;     243
 500;     248
 501;     234
 502;     243
 503;     246
 504;     242
 505;     267
 506;     246
 507;     229
 508;     253
 509;     230
 510;     242
 511;     228
 512;     253
 513;     273
 514;     270
 515;     309
 516;     331
 517;     410
 518;     522
 519;     571
 520;     715
 521;     827
 522;    1003
 523;    1168
 524;    1247
 525;    1359
 526;    1399
 527;    1357
 528;    1205
 529;    1038
 530;     908
 531;     764
 532;     611
 533;     492
 534;     413
 535;     367
 536;     295
 537;     244
 538;     246
 539;     246
 540;     227
 541;     246
 542;     246
 543;     277
 544;     241
 545;     250
 546;     256
 547;     232
 548;     237
 549;     228
 550;     227
 551;     221
 552;     238
 553;     248
 554;     251
 555;     230
 556;     242
 557;     225
 558;     240
 559;     235
 560;     229
 561;     228
 562;     232
 563;     229
 564;     243
 565;     273
 566;     236
 567;     254
 568;     239
 569;     254
 570;     235
 571;     253
 572;     253
 573;     237
 574;     248
 575;     222
 576;     253
 577;     242
 578;     256
 579;     236
 580;     261
 581;     231
 582;     223
 583;     244
 584;     247
 585;     245
 586;     252
 587;     222
 588;     244
 589;     235
 590;     284
 591;     253
 592;     262
 593;     255
 594;     250
 595;     234
 596;     252
 597;     239
 598;     263
 599;     239
 600;     264
 601;     235
 602;     245
 603;     247
 604;     212
 605;     277
 606;     256
 607;     287
 608;     269
 609;     313
 610;     276
 611;     295
 612;     328
 613;     306
 614;     300
 615;     280
 616;     308
 617;     267
 618;     297
 619;     343
 620;     343
 621;     398
 622;     444
 623;     562
 624;     615
 625;     697
 626;     811
 627;     907
 628;     886
 629;     974
 630;     894
 631;     868
 632;     765
 633;     690
 634;     616
 635;     543
 636;     462
 637;     399
 638;     368
 639;     283
 640;     317
 641;     305
 642;     281
 643;     260
 644;     259
 645;     267
 646;     259
 647;     245
 648;     272
 649;     250
 650;     267
 651;     268
 652;     232
 653;     219
 654;     243
 655;     240
 656;     223
 657;     237
 658;     235
 659;     248
 660;     237
 661;     205
 662;     223
 663;     228
 664;     205
 665;     231
 666;     213
 667;     220
 668;     239
 669;     265
 670;     222
 671;     220
 672;     217
 673;     265
 674;     236
 675;     218
 676;     205
 677;     194
 678;     242
 679;     207
 680;     212
 681;     207
 682;     223
 683;     223
 684;     195
 685;     210
 686;     235
 687;     197
 688;     205
 689;     192
 690;     213
 691;     212
 692;     211
 693;     234
 694;     218
 695;     241
 696;     224
 697;     227
 698;     232
 699;     258
 700;     239
 701;     258
 702;     247
 703;     273
 704;     283
 705;     279
 706;     284
 707;     262
 708;     258
 709;     277
 710;     261
 711;     270
 712;     203
 713;     235
 714;     221
 715;     224
 716;     222
 717;     200
 718;     181
 719;     224
 720;     205
 721;     211
 722;     194
 723;     200
 724;     212
 725;     177
 726;     218
 727;     230
 728;     225
 729;     253
 730;     232
 731;     231
 732;     264
 733;     274
 734;     277
 735;     292
 736;     275
 737;     268
 738;     282
 739;     247
 740;     251
 741;     273
 742;     251
 743;     232
 744;     244
 745;     223
 746;     236
 747;     215
 748;     226
 749;     187
 750;     224
 751;     201
 752;     229
 753;     225
 754;     200
 755;     214
 756;     222
 757;     239
 758;     206
 759;     209
 760;     200
 761;     235
 762;     195
 763;     166
 764;     192
 765;     198
 766;     220
 767;     204
 768;     186
 769;     186
 770;     197
 771;     187
 772;     204
 773;     169
 774;     182
 775;     209
 776;     184
 777;     194
 778;     176
 779;     196
 780;     182
 781;     182
 782;     184
 783;     194
 784;     181
 785;     195
 786;     182
 787;     189
 788;     204
 789;     184
 790;     188
 791;     191
 792;     202
 793;     201
 794;     198
 795;     186
 796;     214
 797;     200
 798;     184
 799;     184
 800;     173
 801;     206
 802;     164
 803;     184
 804;     169
 805;     193
 806;     162
 807;     154
 808;     197
 809;     175
 810;     186
 811;     198
 812;     198
 813;     173
 814;     174
 815;     169
 816;     170
 817;     172
 818;     183
 819;     191
 820;     195
 821;     200
 822;     226
 823;     214
 824;     204
 825;     218
 826;     226
 827;     222
 828;     220
 829;     207
 830;     208
 831;     208
 832;     196
 833;     178
 834;     165
 835;     157
 836;     196
 837;     162
 838;     194
 839;     188
 840;     183
 841;     187
 842;     176
 843;     167
 844;     171
 845;     145
 846;     166
 847;     173
 848;     175
 849;     179
 850;     162
 851;     168
 852;     166
 853;     155
 854;     168
 855;     169
 856;     164
 857;     127
 858;     176
 859;     182
 860;     221
 861;     175
 862;     169
 863;     193
 864;     184
 865;     197
 866;     202
 867;     234
 868;     203
 869;     203
 870;     210
 871;     218
 872;     215
 873;     208
 874;     224
 875;     229
 876;     190
 877;     190
 878;     214
 879;     182
 880;     168
 881;     169
 882;     189
 883;     180
 884;     173
 885;     186
 886;     186
 887;     184
 888;     198
 889;     180
 890;     200
 891;     185
 892;     204
 893;     194
 894;     216
 895;     197
 896;     167
 897;     205
 898;     203
 899;     189
 900;     222
 901;     197
 902;     205
 903;     199
 904;     207
 905;     220
 906;     265
 907;     236
 908;     242
 909;     259
 910;     232
 911;     283
 912;     264
 913;     293
 914;     278
 915;     300
 916;     312
 917;     294
 918;     317
 919;     335
 920;     337
 921;     366
 922;     400
 923;     420
 924;     429
 925;     464
 926;     483
 927;     515
 928;     506
 929;     559
 930;     595
 931;     546
 932;     594
 933;     594
 934;     612
 935;     650
 936;     643
 937;     635
 938;     637
 939;     592
 940;     632
 941;     635
 942;     640
 943;     554
 944;     597
 945;     583
 946;     543
 947;     543
 948;     496
 949;     481
 950;     472
 951;     504
 952;     436
 953;     407
 954;     430
 955;     352
 956;     378
 957;     385
 958;     349
 959;     327
 960;     325
 961;     298
 962;     311
 963;     265
 964;     274
 965;     248
 966;     231
 967;     211
 968;     213
 969;     211
 970;     173
 971;     220
 972;     217
 973;     200
 974;     180
 975;     179
 976;     176
 977;     171
 978;     160
 979;     159
 980;     175
 981;     175
 982;     128
 983;     155
 984;     162
 985;     129
 986;     140
 987;     168
 988;     151
 989;     149
 990;     137
 991;     140
 992;     142
 993;     152
 994;     173
 995;     171
 996;     182
 997;     204
 998;     216
 999;     214
1000;     234
1001;     237
1002;     234
1003;     282
1004;     247
1005;     281
1006;     285
1007;     266
1008;     266
1009;     244
1010;     230
1011;     211
1012;     197
1013;     215
1014;     165
1015;     174
1016;     145
1017;     133
1018;     148
1019;     147
1020;     138
1021;     125
1022;     133
1023;     146
1024;     140
1025;     129
1026;     132
1027;     141
1028;     145
1029;     150
1030;     156
1031;     123
1032;     154
1033;     176
1034;     169
1035;     137
1036;     168
1037;     178
1038;     182
1039;     171
1040;     168
1041;     199
1042;     169
1043;     214
1044;     206
1045;     234
1046;     233
1047;     216
1048;     267
1049;     259
1050;     246
1051;     259
1052;     262
1053;     243
1054;     260
1055;     253
1056;     261
1057;     276
1058;     237
1059;     214
1060;     203
1061;     198
1062;     184
1063;     175
1064;     160
1065;     155
1066;     153
1067;     137
1068;     129
1069;     129
1070;     119
1071;     129
1072;     118
1073;     137
1074;     124
1075;     122
1076;     119
1077;     125
1078;     126
1079;     120
1080;     116
1081;     115
1082;     103
1083;     121
1084;     113
1085;     100
1086;     116
1087;      99
1088;      90
1089;      82
1090;      89
1091;      91
1092;     107
1093;      78
1094;      94
1095;      89
1096;     106
1097;      70
1098;     101
1099;     100
1100;      80
1101;      90
1102;      94
1103;      93
1104;      94
1105;      85
1106;      87
1107;      79
1108;      73
1109;      94
1110;      85
1111;     100
1112;      83
1113;      81
1114;      78
1115;      95
1116;      82
1117;      96
1118;      84
1119;      71
1120;      69
1121;      80
1122;      77
1123;      77
1124;      69
1125;      81
1126;     104
1127;      97
1128;     106
1129;      97
1130;      91
1131;      88
1132;      87
1133;      84
1134;     107
1135;      92
1136;      75
1137;      96
1138;      88
1139;      79
1140;      73
1141;      74
1142;      54
1143;      64
1144;      78
1145;      70
1146;      73
1147;      69
1148;      73
1149;      79
1150;      70
1151;      73
1152;      62
1153;      74
1154;     104
1155;      75
1156;      71
1157;      70
1158;      71
1159;      55
1160;      56
1161;      85
1162;      87
1163;      76
1164;      69
1165;      82
1166;      62
1167;      56
1168;      69
1169;      78
1170;      68
1171;      68
1172;      65
1173;      64
1174;      81
1175;      49
1176;      80
1177;      73
1178;      65
1179;      69
1180;      84
1181;      81
1182;      72
1183;      75
1184;      87
1185;      71
1186;      85
1187;      61
1188;      74
1189;     100
1190;      78
1191;      74
1192;      84
1193;      74
1194;      69
1195;      58
1196;      62
1197;      67
1198;      69
1199;      73
1200;      55
1201;      59
1202;      62
1203;      64
1204;      64
1205;      64
1206;      60
1207;      70
1208;      65
1209;      60
1210;      63
1211;      59
1212;      66
1213;      78
1214;      74
1215;      57
1216;      57
1217;      51
1218;      60
1219;      61
1220;      51
1221;      47
1222;      51
1223;      65
1224;      63
1225;      54
1226;      48
1227;      71
1228;      56
1229;      60
1230;      54
1231;      42
1232;      64
1233;      49
1234;      46
1235;      32
1236;      52
1237;      40
1238;      67
1239;      68
1240;      60
1241;      59
1242;      50
1243;      52
1244;      72
1245;      55
1246;      54
1247;      64
1248;      47
1249;      57
1250;      51
1251;      48
1252;      59
1253;      54
1254;      43
1255;      48
1256;      57
1257;      59
1258;      47
1259;      61
1260;      52
1261;      71
1262;      42
1263;      46
1264;      48
1265;      41
1266;      56
1267;      43
1268;      47
1269;      45
1270;      50
1271;      48
1272;      36
1273;      51
1274;      54
1275;      60
1276;      45
1277;      58
1278;      43
1279;      61
1280;      47
1281;      58
1282;      39
1283;      53
1284;      40
1285;      53
1286;      45
1287;      45
1288;      62
1289;      50
1290;      50
1291;      59
1292;      57
1293;      44
1294;      36
1295;      47
1296;      47
1297;      52
1298;      42
1299;      62
1300;      45
1301;      42
1302;      46
1303;      43
1304;      46
1305;      47
1306;      29
1307;      49
1308;      41
1309;      43
1310;      42
1311;      39
1312;      38
1313;      40
1314;      38
1315;      39
1316;      39
1317;      42
1318;      42
1319;      36
1320;      39
1321;      36
1322;      49
1323;      35
1324;      45
1325;      44
1326;      43
1327;      51
1328;      55
1329;      47
1330;      38
1331;      43
1332;      49
1333;      33
1334;      37
1335;      45
1336;      38
1337;      56
1338;      52
1339;      37
1340;      38
1341;      39
1342;      37
1343;      44
1344;      35
1345;      39
1346;      43
1347;      48
1348;      38
1349;      41
1350;      47
1351;      47
1352;      32
1353;      37
1354;      37
1355;      35
1356;      45
1357;      42
1358;      34
1359;      36
1360;      39
1361;      31
1362;      42
1363;      30
1364;      21
1365;      33
1366;      34
1367;      41
1368;      37
1369;      34
1370;      28
1371;      34
1372;      42
1373;      34
1374;      26
1375;      43
1376;      50
1377;      33
1378;      35
1379;      45
1380;      33
1381;      37
1382;      20
1383;      31
1384;      26
1385;      34
1386;      34
1387;      34
1388;      39
1389;      38
1390;      27
1391;      30
1392;      31
1393;      41
1394;      25
1395;      41
1396;      33
1397;      36
1398;      35
1399;      32
1400;      31
1401;      28
1402;      32
1403;      28
1404;      36
1405;      40
1406;      27
1407;      35
1408;      24
1409;      21
1410;      36
1411;      36
1412;      33
1413;      28
1414;      38
1415;      32
1416;      31
1417;      27
1418;      34
1419;      22
1420;      29
1421;      18
1422;      30
1423;      26
1424;      33
1425;      39
1426;      25
1427;      42
1428;      31
1429;      39
1430;      30
1431;      30
1432;      25
1433;      23
1434;      38
1435;      27
1436;      46
1437;      21
1438;      28
1439;      29
1440;      29
1441;      25
1442;      24
1443;      36
1444;      34
1445;      26
1446;      30
1447;      28
1448;      22
1449;      19
1450;      20
1451;      30
1452;      20
1453;      24
1454;      34
1455;      30
1456;      23
1457;      27
1458;      25
1459;      19
1460;      34
1461;      30
1462;      20
1463;      36
1464;      21
1465;      29
1466;      31
1467;      27
1468;      28
1469;      25
1470;      28
1471;      24
1472;      28
1473;      33
1474;      25
1475;      18
1476;      29
1477;      27
1478;      23
1479;      36
1480;      24
1481;      19
1482;      15
1483;      20
1484;      22
1485;      19
1486;      24
1487;      26
1488;      17
1489;      28
1490;      24
1491;      17
1492;      25
1493;      28
1494;      24
1495;      36
1496;      25
1497;      29
1498;      17
1499;      23
1500;      13
1501;      26
1502;      20
1503;      26
1504;      25
1505;      16
1506;      16
1507;      19
1508;      22
1509;      18
1510;      22
1511;      22
1512;      23
1513;      24
1514;      15
1515;      25
1516;      17
1517;      26
1518;      19
1519;      20
1520;      20
1521;      25
1522;      14
1523;      22
1524;      22
1525;      19
1526;      20
1527;      22
1528;      23
1529;      13
1530;      23
1531;      26
1532;      21
1533;      26
1534;      21
1535;      13
1536;      27
1537;      23
1538;      20
1539;      19
1540;      11
1541;      17
1542;      17
1543;      25
1544;      12
1545;      21
1546;      10
1547;      13
1548;      18
1549;      30
1550;      14
1551;      15
1552;      20
1553;      17
1554;      20
1555;       9
1556;      24
1557;      18
1558;      21
1559;      11
1560;      21
1561;      16
1562;      14
1563;      15
1564;      11
1565;      15
1566;      20
1567;      19
1568;      24
1569;      14
1570;      19
1571;      12
1572;      13
1573;      17
1574;      17
1575;      13
1576;      10
1577;      17
1578;      19
1579;      22
1580;      11
1581;      22
1582;      14
1583;      11
1584;      13
1585;      20
1586;      13
1587;      16
1588;      13
1589;      19
1590;      18
1591;      19
1592;      19
1593;      15
1594;       9
1595;      19
1596;      12
1597;      10
1598;      13
1599;      15
1600;      13
1601;      14
1602;      15
1603;      16
1604;      13
1605;      16
1606;      13
1607;      11
1608;      14
1609;      12
1610;      17
1611;      24
1612;      18
1613;       9
1614;       6
1615;      10
1616;       7
1617;      14
1618;      11
1619;      14
1620;      13
1621;       8
1622;      13
1623;      11
1624;       9
1625;      14
1626;       8
1627;       5
1628;      11
1629;      16
1630;      11
1631;      10
1632;      11
1633;      17
1634;      14
1635;       7
1636;       8
1637;       9
1638;       5
1639;       9
1640;       9
1641;      16
1642;       9
1643;       7
1644;      15
1645;      10
1646;      10
1647;       8
1648;       8
1649;       7
1650;      10
1651;       9
1652;       7
1653;       9
1654;       3
1655;      10
1656;       3
1657;       7
1658;       5
1659;       6
1660;       8
1661;       9
1662;      12
1663;      12
1664;       6
1665;       9
1666;      10
1667;       6
1668;       7
1669;      11
1670;      10
1671;       8
1672;       7
1673;       5
1674;       2
1675;      10
1676;       5
1677;       3
1678;      10
1679;       8
1680;       5
1681;       8
1682;      10
1683;       8
1684;       6
1685;       6
1686;       8
1687;       2
1688;       3
1689;       6
1690;       7
1691;       5
1692;       2
1693;       5
1694;       6
1695;       8
1696;       2
1697;       6
1698;       3
1699;       9
1700;       9
1701;       3
1702;       3
1703;       2
1704;       3
1705;       5
1706;       1
1707;       3
1708;       4
1709;       2
1710;       4
1711;       6
1712;       9
1713;       6
1714;       3
1715;       3
1716;       2
1717;       3
1718;       6
1719;       5
1720;       2
1721;       3
1722;       7
1723;       5
1724;       4
1725;       1
1726;       4
1727;       3
1728;       4
1729;       1
1730;       3
1731;       6
1732;       3
1733;       2
1734;       1
1735;       3
1736;       2
1737;       1
1738;       1
1739;       1
1740;       2
1741;       3
1742;       4
1743;       1
1744;       0
1745;       1
1746;       4
1747;       2
1748;       4
1749;       3
1750;       2
1751;       1
1752;       0
1753;       1
1754;       1
1755;       0
1756;       3
1757;       0
1758;       1
1759;       2
1760;       0
1761;       1
1762;       1
1763;       1
1764;       0
1765;       1
1766;       1
1767;       1
1768;       0
1769;       0
1770;       0
1771;       1
1772;       1
1773;       0
1774;       0
1775;       2
1776;       2
1777;       0
1778;       1
1779;       1
1780;       3
1781;       4
1782;       0
1783;       1
1784;       1
1785;       1
1786;       0
1787;       1
1788;       2
1789;       0
1790;       0
1791;       0
1792;       1
1793;       0
1794;       1
1795;       2
1796;       2
1797;       1
1798;       0
1799;       2
1800;       0
1801;       2
1802;       0
1803;       0
1804;       0
1805;       0
1806;       2
1807;       1
1808;       1
1809;       0
1810;       1
1811;       0
1812;       0
1813;       0
1814;       1
1815;       0
1816;       1
1817;       1
1818;       1
1819;       0
1820;       0
1821;       0
1822;       1
1823;       0
1824;       1
1825;       0
1826;       0
1827;       0
1828;       0
1829;       0
1830;       1
1831;       1
1832;       0
1833;       0
1834;       0
1835;       0
1836;       0
1837;       0
1838;       0
1839;       0
1840;       0
1841;       0
1842;       1
1843;       0
1844;       0
1845;       0
1846;       0
1847;       0
1848;       0
1849;       2
1850;       1
1851;       0
1852;       0
1853;       0
1854;       0
1855;       0
1856;       0
1857;       0
1858;       0
1859;       0
1860;       0
1861;       0
1862;       0
1863;       1
1864;       0
1865;       0
1866;       1
1867;       0
1868;       0
1869;       1
1870;       0
1871;       1
1872;       0
1873;       0
1874;       0
1875;       1
1876;       0
1877;       0
1878;       0
1879;       1
1880;       0
1881;       1
1882;       0
1883;       0
1884;       0
1885;       1
1886;       0
1887;       0
1888;       0
1889;       0
1890;       0
1891;       1
1892;       0
1893;       0
1894;       0
1895;       0
1896;       0
1897;       1
1898;       0
1899;       0
1900;       0
1901;       1
1902;       0
1903;       0
1904;       0
1905;       1
1906;       0
1907;       0
1908;       0
1909;       0
1910;       1
1911;       0
1912;       0
1913;       0
1914;       0
1915;       0
1916;       0
1917;       0
1918;       0
1919;       0
1920;       0
1921;       0
1922;       0
1923;       0
1924;       0
1925;       0
1926;       0
1927;       0
1928;       0
1929;       0
1930;       0
1931;       0
1932;       0
1933;       0
1934;       0
1935;       0
1936;       0
1937;       0
1938;       0
1939;       0
1940;       0
1941;       1
1942;       0
1943;       0
1944;       0
1945;       1
1946;       0
1947;       0
1948;       0
1949;       0
1950;       0
1951;       0
1952;       0
1953;       0
1954;       1
1955;       0
1956;       0
1957;       1
1958;       0
1959;       0
1960;       0
1961;       0
1962;       0
1963;       0
1964;       0
1965;       0
1966;       0
1967;       0
1968;       0
1969;       0
1970;       0
1971;       1
1972;       0
1973;       0
1974;       0
1975;       0
1976;       0
1977;       0
1978;       0
1979;       0
1980;       0
1981;       0
1982;       0
1983;       0
1984;       0
1985;       0
1986;       1
1987;       0
1988;       0
1989;       0
1990;       0
1991;       0
1992;       0
1993;       0
1994;       0
1995;       0
1996;       0
1997;       0
1998;       0
1999;       1
2000;       0
2001;       0
2002;       0
2003;       0
2004;       0
2005;       0
2006;       1
2007;       0
2008;       0
2009;       1
2010;       0
2011;       0
2012;       0
2013;       0
2014;       0
2015;       0
2016;       1
2017;       1
2018;       0
2019;       0
2020;       0
2021;       0
2022;       0
2023;       0
2024;       0
2025;       0
2026;       0
2027;       0
2028;       0
2029;       0
2030;       0
2031;       0
2032;       1
2033;       0
2034;       0
2035;       0
2036;       0
2037;       0
2038;       0
2039;       0
2040;       0
2041;       0
2042;       0
2043;       0
2044;       0
2045;       0
2046;       0
2047;       0
