   0;     853
   1;     715
   2;     500
   3;     261
   4;     131
   5;      51
   6;      12
   7;       4
   8;       0
   9;       0
  10;       0
  11;       0
  12;       0
  13;       0
  14;       0
  15;       0
  16;       0
  17;       0
  18;       0
  19;       0
  20;       0
  21;       0
  22;       0
  23;       0
  24;       0
  25;       0
  26;       0
  27;       0
  28;       0
  29;       9
  30;      32
  31;      73
  32;      96
  33;     122
  34;     112
  35;     116
  36;     110
  37;     108
  38;     110
  39;     118
  40;     121
  41;     103
  42;     116
  43;     111
  44;     135
  45;      96
  46;     113
  47;     116
  48;     136
  49;     114
  50;     137
  51;     118
  52;     130
  53;     122
  54;     112
  55;     113
  56;     126
  57;     124
  58;     111
  59;     113
  60;     115
  61;     128
  62;     110
  63;     115
  64;     119
  65;     100
  66;      98
  67;     104
  68;      93
  69;     101
  70;      92
  71;     110
  72;      92
  73;     118
  74;      93
  75;     105
  76;     107
  77;      94
  78;     106
  79;      98
  80;     105
  81;      80
  82;      99
  83;      91
  84;     120
  85;     124
  86;     123
  87;     157
  88;     132
  89;     149
  90;     115
  91;     123
  92;     140
  93;     148
  94;     162
  95;     206
  96;     214
  97;     197
  98;     253
  99;     220
 100;     194
 101;     148
 102;     131
 103;     133
 104;     109
 105;     117
 106;     101
 107;     129
 108;     138
 109;     205
 110;     217
 111;     262
 112;     316
 113;     369
 114;     451
 115;     473
 116;     407
 117;     372
 118;     339
 119;     250
 120;     248
 121;     233
 122;     205
 123;     217
 124;     218
 125;     214
 126;     253
 127;     306
 128;     380
 129;     516
 130;     687
 131;     956
 132;    1102
 133;    1323
 134;    1437
 135;    1398
 136;    1298
 137;    1120
 138;    1057
 139;     975
 140;    1000
 141;     958
 142;    1094
 143;    1203
 144;    1276
 145;    1371
 146;    1449
 147;    1526
 148;    1386
 149;    1350
 150;    1045
 151;     833
 152;     569
 153;     435
 154;     359
 155;     325
 156;     315
 157;     332
 158;     342
 159;     320
 160;     351
 161;     335
 162;     350
 163;     336
 164;     297
 165;     323
 166;     341
 167;     320
 168;     297
 169;     294
 170;     266
 171;     241
 172;     279
 173;     321
 174;     309
 175;     440
 176;     611
 177;    1077
 178;    1777
 179;    3036
 180;    4648
 181;    6858
 182;    8829
 183;   10391
 184;   10883
 185;   10125
 186;    8365
 187;    6278
 188;    4227
 189;    2630
 190;    1526
 191;     868
 192;     599
 193;     465
 194;     584
 195;     713
 196;    1022
 197;    1385
 198;    1747
 199;    1956
 200;    1986
 201;    1902
 202;    1656
 203;    1351
 204;     903
 205;     685
 206;     417
 207;     343
 208;     252
 209;     223
 210;     223
 211;     225
 212;     165
 213;     189
 214;     237
 215;     213
 216;     254
 217;     299
 218;     393
 219;     469
 220;     518
 221;     696
 222;     780
 223;     842
 224;     748
 225;     729
 226;     662
 227;     552
 228;     448
 229;     355
 230;     311
 231;     267
 232;     276
 233;     267
 234;     261
 235;     282
 236;     328
 237;     351
 238;     370
 239;     428
 240;     481
 241;     498
 242;     534
 243;     480
 244;     475
 245;     440
 246;     393
 247;     345
 248;     335
 249;     275
 250;     301
 251;     260
 252;     273
 253;     264
 254;     301
 255;     285
 256;     312
 257;     286
 258;     335
 259;     321
 260;     303
 261;     270
 262;     287
 263;     276
 264;     305
 265;     274
 266;     312
 267;     363
 268;     365
 269;     405
 270;     399
 271;     387
 272;     354
 273;     369
 274;     374
 275;     313
 276;     304
 277;     302
 278;     280
 279;     253
 280;     291
 281;     248
 282;     291
 283;     276
 284;     273
 285;     261
 286;     284
 287;     292
 288;     317
 289;     330
 290;     340
 291;     359
 292;     339
 293;     350
 294;     374
 295;     361
 296;     361
 297;     317
 298;     364
 299;     345
 300;     325
 301;     336
 302;     318
 303;     380
 304;     329
 305;     376
 306;     423
 307;     442
 308;     495
 309;     543
 310;     708
 311;     957
 312;    1423
 313;    2093
 314;    2875
 315;    3935
 316;    5216
 317;    6098
 318;    6958
 319;    7022
 320;    6798
 321;    5921
 322;    4571
 323;    3661
 324;    2447
 325;    1625
 326;    1036
 327;     742
 328;     526
 329;     412
 330;     370
 331;     331
 332;     391
 333;     351
 334;     327
 335;     383
 336;     359
 337;     383
 338;     433
 339;     407
 340;     416
 341;     445
 342;     527
 343;     488
 344;     627
 345;     687
 346;     722
 347;     910
 348;    1047
 349;    1285
 350;    1387
 351;    1445
 352;    1388
 353;    1351
 354;    1252
 355;    1111
 356;     894
 357;     714
 358;     735
 359;     658
 360;     648
 361;     718
 362;     728
 363;     777
 364;     812
 365;     834
 366;     843
 367;     862
 368;     870
 369;     993
 370;    1078
 371;    1118
 372;    1093
 373;    1063
 374;     898
 375;     821
 376;     642
 377;     590
 378;     475
 379;     427
 380;     326
 381;     315
 382;     292
 383;     279
 384;     284
 385;     302
 386;     281
 387;     276
 388;     266
 389;     254
 390;     275
 391;     282
 392;     278
 393;     283
 394;     332
 395;     307
 396;     335
 397;     372
 398;     354
 399;     375
 400;     416
 401;     376
 402;     373
 403;     330
 404;     358
 405;     396
 406;     305
 407;     376
 408;     349
 409;     379
 410;     363
 411;     420
 412;     363
 413;     370
 414;     334
 415;     355
 416;     310
 417;     328
 418;     293
 419;     326
 420;     377
 421;     472
 422;     665
 423;     919
 424;    1314
 425;    1697
 426;    2264
 427;    2962
 428;    3374
 429;    3784
 430;    3975
 431;    3876
 432;    3425
 433;    2978
 434;    2327
 435;    1882
 436;    1348
 437;     943
 438;     679
 439;     494
 440;     380
 441;     322
 442;     296
 443;     268
 444;     295
 445;     295
 446;     251
 447;     230
 448;     278
 449;     233
 450;     275
 451;     270
 452;     271
 453;     253
 454;     283
 455;     252
 456;     248
 457;     249
 458;     292
 459;     272
 460;     282
 461;     269
 462;     273
 463;     271
 464;     259
 465;     281
 466;     308
 467;     291
 468;     326
 469;     360
 470;     352
 471;     448
 472;     546
 473;     606
 474;     671
 475;     751
 476;     753
 477;     839
 478;     797
 479;     725
 480;     663
 481;     580
 482;     484
 483;     404
 484;     349
 485;     282
 486;     286
 487;     264
 488;     236
 489;     255
 490;     234
 491;     246
 492;     231
 493;     228
 494;     229
 495;     239
 496;     232
 497;     239
 498;     243
 499;     242
 500;     265
 501;     199
 502;     249
 503;     243
 504;     258
 505;     249
 506;     246
 507;     240
 508;     229
 509;     243
 510;     263
 511;     243
 512;     252
 513;     267
 514;     276
 515;     276
 516;     282
 517;     273
 518;     290
 519;     352
 520;     374
 521;     444
 522;     454
 523;     535
 524;     532
 525;     534
 526;     541
 527;     553
 528;     486
 529;     466
 530;     408
 531;     380
 532;     315
 533;     303
 534;     291
 535;     255
 536;     250
 537;     256
 538;     214
 539;     261
 540;     243
 541;     220
 542;     249
 543;     219
 544;     236
 545;     263
 546;     223
 547;     253
 548;     219
 549;     236
 550;     241
 551;     221
 552;     215
 553;     219
 554;     229
 555;     245
 556;     232
 557;     247
 558;     242
 559;     257
 560;     228
 561;     230
 562;     224
 563;     233
 564;     244
 565;     237
 566;     246
 567;     235
 568;     225
 569;     225
 570;     220
 571;     215
 572;     218
 573;     231
 574;     255
 575;     212
 576;     195
 577;     228
 578;     222
 579;     225
 580;     227
 581;     238
 582;     248
 583;     222
 584;     234
 585;     224
 586;     239
 587;     226
 588;     252
 589;     244
 590;     220
 591;     216
 592;     273
 593;     230
 594;     228
 595;     232
 596;     221
 597;     252
 598;     236
 599;     205
 600;     219
 601;     242
 602;     246
 603;     217
 604;     221
 605;     232
 606;     230
 607;     239
 608;     220
 609;     236
 610;     234
 611;     240
 612;     252
 613;     248
 614;     237
 615;     251
 616;     255
 617;     227
 618;     261
 619;     254
 620;     252
 621;     292
 622;     313
 623;     354
 624;     432
 625;     460
 626;     484
 627;     517
 628;     516
 629;     554
 630;     531
 631;     512
 632;     448
 633;     438
 634;     366
 635;     367
 636;     313
 637;     301
 638;     300
 639;     275
 640;     233
 641;     256
 642;     212
 643;     216
 644;     246
 645;     256
 646;     228
 647;     232
 648;     254
 649;     198
 650;     242
 651;     213
 652;     208
 653;     228
 654;     243
 655;     207
 656;     229
 657;     218
 658;     245
 659;     226
 660;     206
 661;     221
 662;     240
 663;     200
 664;     237
 665;     211
 666;     240
 667;     235
 668;     245
 669;     219
 670;     190
 671;     195
 672;     215
 673;     203
 674;     204
 675;     201
 676;     208
 677;     201
 678;     197
 679;     199
 680;     193
 681;     212
 682;     196
 683;     195
 684;     171
 685;     194
 686;     209
 687;     201
 688;     192
 689;     218
 690;     187
 691;     186
 692;     205
 693;     221
 694;     218
 695;     227
 696;     306
 697;     284
 698;     350
 699;     372
 700;     420
 701;     464
 702;     485
 703;     535
 704;     558
 705;     545
 706;     495
 707;     519
 708;     492
 709;     420
 710;     403
 711;     322
 712;     299
 713;     288
 714;     243
 715;     213
 716;     215
 717;     219
 718;     221
 719;     213
 720;     198
 721;     180
 722;     200
 723;     194
 724;     161
 725;     189
 726;     195
 727;     205
 728;     196
 729;     200
 730;     229
 731;     235
 732;     207
 733;     233
 734;     232
 735;     249
 736;     217
 737;     224
 738;     219
 739;     225
 740;     235
 741;     198
 742;     224
 743;     221
 744;     206
 745;     194
 746;     198
 747;     187
 748;     221
 749;     203
 750;     215
 751;     218
 752;     224
 753;     206
 754;     203
 755;     204
 756;     182
 757;     201
 758;     186
 759;     189
 760;     184
 761;     202
 762;     175
 763;     213
 764;     156
 765;     183
 766;     175
 767;     176
 768;     177
 769;     179
 770;     180
 771;     192
 772;     173
 773;     161
 774;     187
 775;     180
 776;     158
 777;     162
 778;     197
 779;     158
 780;     182
 781;     193
 782;     196
 783;     208
 784;     228
 785;     216
 786;     246
 787;     241
 788;     240
 789;     231
 790;     234
 791;     219
 792;     218
 793;     196
 794;     179
 795;     190
 796;     186
 797;     182
 798;     184
 799;     199
 800;     184
 801;     167
 802;     195
 803;     172
 804;     194
 805;     186
 806;     187
 807;     168
 808;     161
 809;     155
 810;     152
 811;     172
 812;     155
 813;     166
 814;     178
 815;     173
 816;     150
 817;     151
 818;     137
 819;     168
 820;     181
 821;     163
 822;     161
 823;     164
 824;     184
 825;     158
 826;     162
 827;     166
 828;     136
 829;     168
 830;     168
 831;     154
 832;     152
 833;     160
 834;     175
 835;     151
 836;     160
 837;     149
 838;     195
 839;     178
 840;     151
 841;     150
 842;     162
 843;     148
 844;     170
 845;     159
 846;     174
 847;     175
 848;     181
 849;     162
 850;     174
 851;     151
 852;     166
 853;     177
 854;     158
 855;     217
 856;     182
 857;     244
 858;     286
 859;     298
 860;     370
 861;     396
 862;     508
 863;     601
 864;     665
 865;     770
 866;     829
 867;     855
 868;     935
 869;     949
 870;     962
 871;     966
 872;     868
 873;     831
 874;     703
 875;     621
 876;     568
 877;     454
 878;     382
 879;     321
 880;     279
 881;     226
 882;     216
 883;     185
 884;     167
 885;     170
 886;     158
 887;     152
 888;     175
 889;     189
 890;     149
 891;     172
 892;     180
 893;     179
 894;     169
 895;     176
 896;     165
 897;     183
 898;     165
 899;     177
 900;     183
 901;     181
 902;     185
 903;     200
 904;     210
 905;     194
 906;     217
 907;     204
 908;     178
 909;     183
 910;     194
 911;     220
 912;     222
 913;     219
 914;     231
 915;     254
 916;     219
 917;     258
 918;     291
 919;     254
 920;     270
 921;     352
 922;     352
 923;     316
 924;     368
 925;     344
 926;     413
 927;     416
 928;     395
 929;     427
 930;     457
 931;     482
 932;     479
 933;     517
 934;     491
 935;     550
 936;     519
 937;     554
 938;     566
 939;     554
 940;     553
 941;     581
 942;     547
 943;     548
 944;     568
 945;     561
 946;     540
 947;     524
 948;     525
 949;     462
 950;     451
 951;     435
 952;     435
 953;     424
 954;     350
 955;     401
 956;     343
 957;     386
 958;     355
 959;     336
 960;     314
 961;     321
 962;     320
 963;     271
 964;     232
 965;     257
 966;     266
 967;     264
 968;     250
 969;     252
 970;     271
 971;     248
 972;     276
 973;     302
 974;     331
 975;     313
 976;     283
 977;     255
 978;     281
 979;     260
 980;     255
 981;     248
 982;     217
 983;     207
 984;     178
 985;     175
 986;     177
 987;     144
 988;     167
 989;     150
 990;     159
 991;     149
 992;     157
 993;     173
 994;     181
 995;     216
 996;     222
 997;     223
 998;     254
 999;     277
1000;     308
1001;     301
1002;     302
1003;     286
1004;     337
1005;     331
1006;     317
1007;     299
1008;     322
1009;     297
1010;     256
1011;     247
1012;     216
1013;     213
1014;     183
1015;     175
1016;     149
1017;     131
1018;     134
1019;     152
1020;     124
1021;     129
1022;     116
1023;     112
1024;     117
1025;     137
1026;     133
1027;     116
1028;     137
1029;     143
1030;     135
1031;     103
1032;     133
1033;     119
1034;     139
1035;     172
1036;     161
1037;     168
1038;     132
1039;     164
1040;     189
1041;     168
1042;     195
1043;     194
1044;     169
1045;     214
1046;     210
1047;     227
1048;     256
1049;     246
1050;     271
1051;     243
1052;     250
1053;     249
1054;     258
1055;     274
1056;     267
1057;     233
1058;     244
1059;     235
1060;     192
1061;     204
1062;     180
1063;     156
1064;     161
1065;     137
1066;     163
1067;     134
1068;     110
1069;     152
1070;     143
1071;     135
1072;     118
1073;     138
1074;     136
1075;     114
1076;     113
1077;     110
1078;     131
1079;     105
1080;     130
1081;     106
1082;     113
1083;     123
1084;      98
1085;     126
1086;      95
1087;      90
1088;     118
1089;     108
1090;      99
1091;      96
1092;      93
1093;     105
1094;     101
1095;      91
1096;     107
1097;      98
1098;     113
1099;      82
1100;      84
1101;     104
1102;      81
1103;      72
1104;      94
1105;      82
1106;      84
1107;      91
1108;      84
1109;      78
1110;      99
1111;      89
1112;      88
1113;      96
1114;      70
1115;      71
1116;      80
1117;      95
1118;      99
1119;      90
1120;      80
1121;      88
1122;      87
1123;     106
1124;      88
1125;      79
1126;      88
1127;     101
1128;     103
1129;     111
1130;      97
1131;     124
1132;     111
1133;     120
1134;     103
1135;      89
1136;      96
1137;     107
1138;      98
1139;      74
1140;      71
1141;      76
1142;      77
1143;      64
1144;      69
1145;      62
1146;      70
1147;      82
1148;      88
1149;      91
1150;      75
1151;      79
1152;      79
1153;      78
1154;      81
1155;      82
1156;      83
1157;      81
1158;      54
1159;      86
1160;      77
1161;      58
1162;      56
1163;      63
1164;      58
1165;      74
1166;      78
1167;      86
1168;      74
1169;      87
1170;      69
1171;      81
1172;      81
1173;      80
1174;      68
1175;      66
1176;      75
1177;      69
1178;      71
1179;      70
1180;      79
1181;      82
1182;      82
1183;      80
1184;      74
1185;      77
1186;      74
1187;      84
1188;      76
1189;      91
1190;      81
1191;      83
1192;      76
1193;      62
1194;      76
1195;      59
1196;      67
1197;      76
1198;      72
1199;      72
1200;      65
1201;      62
1202;      83
1203;      59
1204;      67
1205;      62
1206;      71
1207;      65
1208;      71
1209;      63
1210;      63
1211;      46
1212;      56
1213;      68
1214;      64
1215;      59
1216;      59
1217;      60
1218;      63
1219;      82
1220;      62
1221;      57
1222;      48
1223;      70
1224;      69
1225;      54
1226;      66
1227;      74
1228;      78
1229;      62
1230;      59
1231;      57
1232;      45
1233;      47
1234;      63
1235;      61
1236;      58
1237;      53
1238;      60
1239;      54
1240;      48
1241;      72
1242;      51
1243;      48
1244;      61
1245;      76
1246;      61
1247;      68
1248;      64
1249;      51
1250;      58
1251;      64
1252;      55
1253;      64
1254;      63
1255;      54
1256;      63
1257;      61
1258;      58
1259;      60
1260;      53
1261;      64
1262;      50
1263;      59
1264;      64
1265;      75
1266;      51
1267;      57
1268;      51
1269;      52
1270;      59
1271;      45
1272;      61
1273;      52
1274;      49
1275;      56
1276;      42
1277;      52
1278;      45
1279;      46
1280;      50
1281;      49
1282;      69
1283;      41
1284;      47
1285;      44
1286;      58
1287;      46
1288;      57
1289;      53
1290;      55
1291;      46
1292;      40
1293;      52
1294;      56
1295;      51
1296;      53
1297;      53
1298;      42
1299;      49
1300;      48
1301;      48
1302;      48
1303;      55
1304;      45
1305;      54
1306;      44
1307;      38
1308;      49
1309;      53
1310;      48
1311;      46
1312;      43
1313;      43
1314;      46
1315;      48
1316;      49
1317;      46
1318;      39
1319;      50
1320;      56
1321;      47
1322;      54
1323;      43
1324;      48
1325;      53
1326;      44
1327;      58
1328;      50
1329;      44
1330;      45
1331;      39
1332;      49
1333;      51
1334;      52
1335;      39
1336;      54
1337;      45
1338;      46
1339;      45
1340;      46
1341;      42
1342;      37
1343;      42
1344;      47
1345;      40
1346;      45
1347;      49
1348;      44
1349;      40
1350;      39
1351;      38
1352;      42
1353;      39
1354;      32
1355;      42
1356;      37
1357;      40
1358;      46
1359;      50
1360;      43
1361;      44
1362;      49
1363;      41
1364;      32
1365;      42
1366;      49
1367;      42
1368;      46
1369;      39
1370;      41
1371;      44
1372;      32
1373;      37
1374;      45
1375;      42
1376;      40
1377;      37
1378;      27
1379;      56
1380;      31
1381;      34
1382;      39
1383;      37
1384;      43
1385;      40
1386;      37
1387;      33
1388;      39
1389;      34
1390;      45
1391;      34
1392;      33
1393;      38
1394;      38
1395;      46
1396;      42
1397;      46
1398;      44
1399;      20
1400;      40
1401;      41
1402;      43
1403;      41
1404;      30
1405;      37
1406;      37
1407;      38
1408;      23
1409;      40
1410;      40
1411;      38
1412;      34
1413;      34
1414;      40
1415;      34
1416;      24
1417;      31
1418;      34
1419;      35
1420;      37
1421;      34
1422;      28
1423;      33
1424;      40
1425;      33
1426;      32
1427;      42
1428;      31
1429;      36
1430;      30
1431;      43
1432;      33
1433;      34
1434;      24
1435;      40
1436;      40
1437;      29
1438;      29
1439;      25
1440;      39
1441;      34
1442;      28
1443;      25
1444;      37
1445;      31
1446;      37
1447;      30
1448;      38
1449;      27
1450;      39
1451;      38
1452;      40
1453;      38
1454;      40
1455;      29
1456;      42
1457;      34
1458;      31
1459;      25
1460;      23
1461;      31
1462;      31
1463;      24
1464;      30
1465;      20
1466;      34
1467;      37
1468;      20
1469;      21
1470;      26
1471;      33
1472;      29
1473;      42
1474;      27
1475;      39
1476;      26
1477;      38
1478;      27
1479;      34
1480;      29
1481;      31
1482;      28
1483;      37
1484;      36
1485;      38
1486;      38
1487;      23
1488;      22
1489;      25
1490;      21
1491;      24
1492;      32
1493;      22
1494;      30
1495;      31
1496;      24
1497;      26
1498;      22
1499;      28
1500;      24
1501;      34
1502;      31
1503;      20
1504;      35
1505;      24
1506;      20
1507;      21
1508;      30
1509;      16
1510;      15
1511;      33
1512;      33
1513;      27
1514;      26
1515;      33
1516;      26
1517;      23
1518;      19
1519;      21
1520;      28
1521;      24
1522;      24
1523;      27
1524;      23
1525;      30
1526;      15
1527;      21
1528;      25
1529;      23
1530;      25
1531;      25
1532;      17
1533;      22
1534;      28
1535;      23
1536;      20
1537;      29
1538;      26
1539;      27
1540;      31
1541;      25
1542;      24
1543;      23
1544;      20
1545;      23
1546;      34
1547;      19
1548;      29
1549;      24
1550;      16
1551;      23
1552;      23
1553;      25
1554;      20
1555;      24
1556;      20
1557;      16
1558;      20
1559;      26
1560;      23
1561;      19
1562;      17
1563;      24
1564;      23
1565;      22
1566;      21
1567;      21
1568;      21
1569;      25
1570;      22
1571;      20
1572;      13
1573;      16
1574;      25
1575;      19
1576;      29
1577;      23
1578;      20
1579;      19
1580;      34
1581;      23
1582;      34
1583;      26
1584;      33
1585;      34
1586;      38
1587;      39
1588;      30
1589;      42
1590;      28
1591;      34
1592;      25
1593;      27
1594;      31
1595;      28
1596;      30
1597;      30
1598;      32
1599;      38
1600;      38
1601;      40
1602;      42
1603;      43
1604;      35
1605;      43
1606;      29
1607;      28
1608;      30
1609;      36
1610;      29
1611;      22
1612;      21
1613;      25
1614;      14
1615;      26
1616;      23
1617;      10
1618;      16
1619;      20
1620;      15
1621;      20
1622;      14
1623;      17
1624;       7
1625;      15
1626;      15
1627;      14
1628;      10
1629;      19
1630;       8
1631;      19
1632;      10
1633;      10
1634;       5
1635;      13
1636;      10
1637;      13
1638;      14
1639;      14
1640;      15
1641;      11
1642;      10
1643;      11
1644;       9
1645;       7
1646;       7
1647;      11
1648;      10
1649;      10
1650;      20
1651;      12
1652;       9
1653;      10
1654;       7
1655;       9
1656;      16
1657;       7
1658;      12
1659;       9
1660;      16
1661;      10
1662;       9
1663;      15
1664;      16
1665;      11
1666;       9
1667;      10
1668;       9
1669;      17
1670;       6
1671;       6
1672;       9
1673;      10
1674;      12
1675;       9
1676;       9
1677;       6
1678;       5
1679;      14
1680;       9
1681;      11
1682;       9
1683;       7
1684;       8
1685;       5
1686;       6
1687;       8
1688;       9
1689;       8
1690;       8
1691;       4
1692;       4
1693;      10
1694;       7
1695;      11
1696;       5
1697;       6
1698;       5
1699;      11
1700;      11
1701;       6
1702;       6
1703;       7
1704;      11
1705;       7
1706;       6
1707;       1
1708;       6
1709;       9
1710;       5
1711;       7
1712;       5
1713;       2
1714;       2
1715;       5
1716;       7
1717;       8
1718;       5
1719;       5
1720;       5
1721;       1
1722;       1
1723;       7
1724;       8
1725;       2
1726;       2
1727;       1
1728;       7
1729;       3
1730;       4
1731;       6
1732;       2
1733;       3
1734;       5
1735;       4
1736;       5
1737;       2
1738;       3
1739;       5
1740;       1
1741;       5
1742;       2
1743;       2
1744;       2
1745;       2
1746;       2
1747;       1
1748;       3
1749;       3
1750;       1
1751;       1
1752;       6
1753;       2
1754;       4
1755;       4
1756;       1
1757;       3
1758;       3
1759;       1
1760;       3
1761;       3
1762;       1
1763;       3
1764;       4
1765;       0
1766;       1
1767;       5
1768;       1
1769;       1
1770;       1
1771;       2
1772;       1
1773;       1
1774;       2
1775;       2
1776;       0
1777;       0
1778;       2
1779;       0
1780;       1
1781;       2
1782;       2
1783;       0
1784;       1
1785;       2
1786;       1
1787;       1
1788;       2
1789;       4
1790;       2
1791;       0
1792;       0
1793;       0
1794;       4
1795;       1
1796;       1
1797;       1
1798;       1
1799;       1
1800;       3
1801;       2
1802;       3
1803;       7
1804;       2
1805;       3
1806;       4
1807;       3
1808;       4
1809;       3
1810;       5
1811;       6
1812;       2
1813;       2
1814;       3
1815;       4
1816;       3
1817;       5
1818;       1
1819;       2
1820;       4
1821;       2
1822;       3
1823;       0
1824;       4
1825;       4
1826;       0
1827;       0
1828;       0
1829;       0
1830;       0
1831;       0
1832;       0
1833;       0
1834;       1
1835;       1
1836;       0
1837;       0
1838;       0
1839;       1
1840;       0
1841;       4
1842;       2
1843;       2
1844;       0
1845;       2
1846;       1
1847;       2
1848;       2
1849;       0
1850;       1
1851;       2
1852;       0
1853;       2
1854;       1
1855;       0
1856;       1
1857;       1
1858;       0
1859;       3
1860;       1
1861;       3
1862;       1
1863;       3
1864;       0
1865;       0
1866;       3
1867;       1
1868;       0
1869;       0
1870;       0
1871;       0
1872;       0
1873;       0
1874;       0
1875;       2
1876;       0
1877;       0
1878;       1
1879;       0
1880;       0
1881;       0
1882;       0
1883;       1
1884;       1
1885;       0
1886;       0
1887;       0
1888;       0
1889;       0
1890;       1
1891;       0
1892;       0
1893;       0
1894;       0
1895;       1
1896;       0
1897;       0
1898;       0
1899;       0
1900;       0
1901;       0
1902;       0
1903;       0
1904;       1
1905;       0
1906;       0
1907;       0
1908;       0
1909;       1
1910;       0
1911;       0
1912;       0
1913;       1
1914;       0
1915;       1
1916;       0
1917;       0
1918;       0
1919;       1
1920;       0
1921;       0
1922;       0
1923;       0
1924;       1
1925;       0
1926;       0
1927;       0
1928;       0
1929;       1
1930;       1
1931;       0
1932;       0
1933;       0
1934;       0
1935;       0
1936;       0
1937;       0
1938;       0
1939;       0
1940;       1
1941;       0
1942;       0
1943;       0
1944;       0
1945;       0
1946;       0
1947;       0
1948;       0
1949;       0
1950;       1
1951;       0
1952;       1
1953;       1
1954;       0
1955;       0
1956;       0
1957;       0
1958;       0
1959;       0
1960;       0
1961;       1
1962;       0
1963;       0
1964;       0
1965;       0
1966;       0
1967;       0
1968;       1
1969;       0
1970;       0
1971;       0
1972;       1
1973;       0
1974;       1
1975;       0
1976;       0
1977;       0
1978;       1
1979;       0
1980;       0
1981;       0
1982;       0
1983;       0
1984;       0
1985;       0
1986;       0
1987;       0
1988;       0
1989;       0
1990;       0
1991;       0
1992;       0
1993;       0
1994;       1
1995;       0
1996;       0
1997;       0
1998;       0
1999;       1
2000;       0
2001;       0
2002;       0
2003;       0
2004;       0
2005;       0
2006;       0
2007;       0
2008;       0
2009;       0
2010;       0
2011;       0
2012;       0
2013;       0
2014;       1
2015;       0
2016;       0
2017;       0
2018;       0
2019;       0
2020;       0
2021;       0
2022;       0
2023;       0
2024;       0
2025;       0
2026;       0
2027;       0
2028;       0
2029;       0
2030;       0
2031;       0
2032;       0
2033;       0
2034;       1
2035;       0
2036;       0
2037;       0
2038;       0
2039;       0
2040;       0
2041;       0
2042;       0
2043;       0
2044;       0
2045;       0
2046;       0
2047;       0
