   0;     857
   1;     727
   2;     478
   3;     255
   4;     126
   5;      52
   6;      13
   7;       1
   8;       4
   9;       0
  10;       1
  11;       0
  12;       0
  13;       1
  14;       0
  15;       0
  16;       0
  17;       0
  18;       0
  19;       0
  20;       0
  21;       0
  22;       0
  23;       0
  24;       0
  25;       0
  26;       0
  27;       0
  28;       0
  29;       3
  30;      22
  31;      79
  32;      99
  33;      92
  34;     100
  35;     113
  36;     111
  37;     104
  38;     117
  39;     125
  40;      97
  41;     105
  42;     112
  43;     133
  44;     125
  45;     118
  46;     132
  47;     112
  48;     114
  49;     123
  50;     123
  51;     126
  52;     102
  53;      85
  54;     112
  55;     107
  56;     110
  57;     108
  58;     100
  59;     110
  60;     105
  61;     108
  62;     105
  63;     124
  64;     101
  65;     111
  66;      74
  67;      95
  68;      88
  69;     115
  70;     117
  71;     128
  72;     103
  73;     117
  74;     108
  75;     101
  76;      99
  77;     106
  78;      95
  79;     108
  80;     101
  81;     104
  82;      84
  83;     117
  84;      97
  85;     132
  86;     159
  87;     136
  88;     127
  89;     113
  90;     118
  91;     120
  92;     120
  93;     112
  94;     131
  95;     155
  96;     156
  97;     167
  98;     160
  99;     134
 100;     149
 101;     133
 102;     134
 103;     137
 104;     122
 105;     105
 106;     120
 107;     136
 108;     139
 109;     139
 110;     204
 111;     265
 112;     377
 113;     467
 114;     507
 115;     600
 116;     543
 117;     464
 118;     432
 119;     321
 120;     295
 121;     229
 122;     243
 123;     237
 124;     216
 125;     265
 126;     237
 127;     278
 128;     330
 129;     478
 130;     690
 131;     911
 132;    1114
 133;    1308
 134;    1489
 135;    1480
 136;    1353
 137;    1213
 138;    1076
 139;    1013
 140;    1084
 141;    1060
 142;    1119
 143;    1214
 144;    1261
 145;    1369
 146;    1479
 147;    1564
 148;    1520
 149;    1326
 150;    1010
 151;     825
 152;     548
 153;     471
 154;     391
 155;     358
 156;     394
 157;     376
 158;     362
 159;     376
 160;     353
 161;     308
 162;     286
 163;     285
 164;     292
 165;     277
 166;     250
 167;     257
 168;     261
 169;     235
 170;     230
 171;     222
 172;     241
 173;     227
 174;     247
 175;     283
 176;     394
 177;     528
 178;     880
 179;    1451
 180;    2197
 181;    3113
 182;    4023
 183;    4654
 184;    4933
 185;    4602
 186;    3795
 187;    2868
 188;    2063
 189;    1328
 190;     889
 191;     537
 192;     479
 193;     413
 194;     530
 195;     580
 196;     754
 197;     886
 198;    1007
 199;    1155
 200;    1140
 201;    1050
 202;     908
 203;     765
 204;     637
 205;     500
 206;     392
 207;     342
 208;     304
 209;     336
 210;     290
 211;     328
 212;     351
 213;     455
 214;     556
 215;     780
 216;    1080
 217;    1769
 218;    2844
 219;    4199
 220;    6052
 221;    8068
 222;    9668
 223;   11160
 224;   11097
 225;   10528
 226;    8981
 227;    7036
 228;    5036
 229;    3402
 230;    2113
 231;    1288
 232;     857
 233;     732
 234;     814
 235;    1099
 236;    1487
 237;    2229
 238;    2786
 239;    3681
 240;    4063
 241;    4485
 242;    4565
 243;    4372
 244;    4009
 245;    3512
 246;    2978
 247;    2457
 248;    2023
 249;    1464
 250;    1157
 251;     944
 252;     856
 253;     903
 254;     973
 255;    1177
 256;    1219
 257;    1302
 258;    1366
 259;    1125
 260;     915
 261;     766
 262;     605
 263;     490
 264;     410
 265;     413
 266;     429
 267;     460
 268;     554
 269;     585
 270;     629
 271;     680
 272;     722
 273;     769
 274;     774
 275;     813
 276;     786
 277;     746
 278;     648
 279;     518
 280;     473
 281;     420
 282;     370
 283;     338
 284;     367
 285;     392
 286;     449
 287;     470
 288;     466
 289;     528
 290;     484
 291;     491
 292;     409
 293;     434
 294;     409
 295;     361
 296;     393
 297;     361
 298;     379
 299;     324
 300;     323
 301;     354
 302;     318
 303;     308
 304;     300
 305;     255
 306;     324
 307;     304
 308;     364
 309;     353
 310;     382
 311;     453
 312;     488
 313;     561
 314;     674
 315;     697
 316;     854
 317;     922
 318;    1010
 319;    1016
 320;     987
 321;     875
 322;     747
 323;     613
 324;     490
 325;     396
 326;     361
 327;     314
 328;     317
 329;     328
 330;     289
 331;     286
 332;     290
 333;     295
 334;     309
 335;     303
 336;     295
 337;     315
 338;     306
 339;     322
 340;     382
 341;     386
 342;     372
 343;     410
 344;     444
 345;     450
 346;     440
 347;     445
 348;     411
 349;     414
 350;     449
 351;     407
 352;     453
 353;     435
 354;     397
 355;     442
 356;     400
 357;     472
 358;     454
 359;     490
 360;     520
 361;     579
 362;     579
 363;     621
 364;     644
 365;     717
 366;     831
 367;     849
 368;     986
 369;     997
 370;    1065
 371;    1115
 372;    1122
 373;    1163
 374;     989
 375;     840
 376;     745
 377;     642
 378;     506
 379;     434
 380;     383
 381;     307
 382;     266
 383;     262
 384;     248
 385;     270
 386;     258
 387;     240
 388;     285
 389;     248
 390;     253
 391;     252
 392;     246
 393;     272
 394;     270
 395;     243
 396;     276
 397;     320
 398;     332
 399;     327
 400;     337
 401;     341
 402;     361
 403;     356
 404;     333
 405;     321
 406;     327
 407;     354
 408;     364
 409;     369
 410;     359
 411;     347
 412;     366
 413;     373
 414;     347
 415;     355
 416;     372
 417;     355
 418;     397
 419;     460
 420;     617
 421;     927
 422;    1386
 423;    2143
 424;    3156
 425;    4536
 426;    6162
 427;    7940
 428;    9654
 429;   10568
 430;   11009
 431;   10973
 432;    9904
 433;    8367
 434;    6715
 435;    4933
 436;    3370
 437;    2224
 438;    1477
 439;     950
 440;     530
 441;     386
 442;     334
 443;     259
 444;     238
 445;     257
 446;     254
 447;     242
 448;     244
 449;     248
 450;     238
 451;     233
 452;     242
 453;     267
 454;     247
 455;     241
 456;     287
 457;     278
 458;     277
 459;     254
 460;     281
 461;     269
 462;     260
 463;     304
 464;     253
 465;     305
 466;     285
 467;     330
 468;     367
 469;     486
 470;     631
 471;     728
 472;     961
 473;    1249
 474;    1437
 475;    1707
 476;    1776
 477;    1823
 478;    1787
 479;    1636
 480;    1458
 481;    1097
 482;     986
 483;     698
 484;     534
 485;     358
 486;     319
 487;     277
 488;     225
 489;     204
 490;     194
 491;     218
 492;     178
 493;     204
 494;     207
 495;     196
 496;     197
 497;     210
 498;     214
 499;     206
 500;     205
 501;     181
 502;     203
 503;     196
 504;     189
 505;     195
 506;     192
 507;     172
 508;     201
 509;     198
 510;     178
 511;     220
 512;     219
 513;     210
 514;     214
 515;     230
 516;     286
 517;     385
 518;     435
 519;     546
 520;     638
 521;     724
 522;     883
 523;    1030
 524;    1148
 525;    1245
 526;    1242
 527;    1170
 528;    1125
 529;    1020
 530;     820
 531;     684
 532;     512
 533;     409
 534;     311
 535;     285
 536;     225
 537;     185
 538;     204
 539;     191
 540;     198
 541;     196
 542;     187
 543;     156
 544;     188
 545;     182
 546;     198
 547;     187
 548;     173
 549;     192
 550;     162
 551;     166
 552;     179
 553;     182
 554;     161
 555;     182
 556;     171
 557;     183
 558;     171
 559;     194
 560;     160
 561;     194
 562;     195
 563;     191
 564;     173
 565;     189
 566;     168
 567;     184
 568;     202
 569;     177
 570;     191
 571;     205
 572;     175
 573;     171
 574;     177
 575;     170
 576;     165
 577;     206
 578;     163
 579;     144
 580;     178
 581;     178
 582;     166
 583;     153
 584;     178
 585;     163
 586;     173
 587;     178
 588;     200
 589;     189
 590;     171
 591;     182
 592;     184
 593;     180
 594;     169
 595;     188
 596;     177
 597;     182
 598;     170
 599;     197
 600;     171
 601;     173
 602;     193
 603;     187
 604;     210
 605;     215
 606;     193
 607;     195
 608;     201
 609;     210
 610;     233
 611;     229
 612;     216
 613;     225
 614;     233
 615;     213
 616;     202
 617;     209
 618;     237
 619;     266
 620;     284
 621;     336
 622;     465
 623;     553
 624;     721
 625;     862
 626;     932
 627;    1068
 628;    1095
 629;    1138
 630;    1075
 631;     996
 632;     866
 633;     827
 634;     660
 635;     547
 636;     506
 637;     388
 638;     316
 639;     290
 640;     255
 641;     220
 642;     215
 643;     216
 644;     201
 645;     208
 646;     191
 647;     174
 648;     185
 649;     202
 650;     167
 651;     183
 652;     173
 653;     181
 654;     171
 655;     141
 656;     160
 657;     162
 658;     179
 659;     169
 660;     148
 661;     146
 662;     161
 663;     173
 664;     144
 665;     150
 666;     128
 667;     144
 668;     115
 669;     129
 670;     135
 671;     158
 672;     145
 673;     168
 674;     157
 675;     146
 676;     122
 677;     127
 678;     126
 679;     118
 680;     151
 681;     135
 682;     122
 683;     134
 684;     122
 685;     127
 686;     133
 687;     142
 688;     134
 689;     141
 690;     145
 691;     126
 692;     127
 693;     147
 694;     179
 695;     174
 696;     195
 697;     236
 698;     259
 699;     349
 700;     397
 701;     451
 702;     490
 703;     564
 704;     527
 705;     599
 706;     578
 707;     520
 708;     476
 709;     432
 710;     361
 711;     306
 712;     255
 713;     217
 714;     192
 715;     151
 716;     160
 717;     144
 718;     156
 719;     136
 720;     148
 721;     126
 722;     151
 723;     152
 724;     129
 725;     133
 726;     143
 727;     158
 728;     153
 729;     173
 730;     154
 731;     198
 732;     192
 733;     223
 734;     239
 735;     262
 736;     258
 737;     274
 738;     218
 739;     237
 740;     199
 741;     172
 742;     191
 743;     170
 744;     148
 745;     143
 746;     154
 747;     147
 748;     117
 749;     122
 750;     155
 751;     165
 752;     146
 753;     160
 754;     167
 755;     165
 756;     143
 757;     147
 758;     129
 759;     133
 760;     129
 761;     116
 762;     128
 763;     119
 764;     121
 765;     112
 766;     119
 767;     105
 768;     117
 769;      98
 770;     108
 771;     131
 772;      99
 773;      96
 774;      96
 775;     133
 776;     119
 777;     134
 778;     119
 779;     105
 780;     121
 781;     155
 782;     130
 783;     150
 784;     135
 785;     201
 786;     192
 787;     166
 788;     164
 789;     180
 790;     165
 791;     163
 792;     161
 793;     142
 794;     128
 795;     137
 796;     132
 797;     121
 798;     123
 799;      97
 800;     122
 801;     109
 802;     103
 803;     107
 804;      94
 805;      93
 806;      93
 807;      96
 808;     114
 809;      86
 810;      96
 811;     107
 812;      85
 813;      99
 814;      96
 815;     102
 816;     103
 817;      88
 818;     103
 819;     100
 820;      86
 821;      90
 822;      85
 823;      88
 824;      92
 825;     118
 826;     105
 827;     106
 828;      93
 829;     105
 830;      95
 831;     101
 832;      97
 833;      95
 834;      80
 835;      77
 836;      84
 837;     115
 838;      86
 839;     101
 840;      74
 841;     103
 842;      85
 843;      96
 844;      94
 845;     105
 846;      86
 847;      84
 848;      94
 849;     104
 850;      86
 851;     111
 852;      86
 853;      95
 854;     105
 855;      88
 856;      91
 857;      95
 858;      89
 859;      91
 860;     104
 861;     103
 862;      97
 863;      82
 864;      91
 865;      90
 866;      92
 867;     108
 868;      96
 869;     110
 870;      94
 871;      98
 872;     105
 873;      96
 874;     101
 875;     104
 876;      92
 877;      74
 878;      86
 879;      99
 880;      80
 881;     100
 882;     102
 883;      96
 884;      85
 885;      96
 886;     102
 887;      85
 888;      83
 889;     103
 890;      90
 891;      92
 892;      92
 893;     128
 894;      79
 895;      87
 896;      87
 897;      88
 898;     102
 899;      88
 900;      81
 901;     119
 902;      97
 903;      98
 904;     115
 905;      78
 906;     110
 907;     104
 908;     114
 909;     110
 910;     101
 911;     102
 912;     110
 913;     118
 914;     104
 915;     134
 916;     109
 917;     141
 918;     115
 919;     124
 920;     150
 921;     156
 922;     148
 923;     155
 924;     146
 925;     170
 926;     179
 927;     170
 928;     167
 929;     176
 930;     217
 931;     202
 932;     201
 933;     205
 934;     194
 935;     234
 936;     219
 937;     252
 938;     224
 939;     265
 940;     261
 941;     256
 942;     256
 943;     239
 944;     267
 945;     241
 946;     257
 947;     253
 948;     247
 949;     241
 950;     246
 951;     211
 952;     233
 953;     217
 954;     189
 955;     209
 956;     212
 957;     188
 958;     199
 959;     225
 960;     189
 961;     167
 962;     169
 963;     164
 964;     158
 965;     151
 966;     154
 967;     118
 968;     147
 969;     118
 970;     126
 971;     112
 972;     122
 973;     117
 974;     117
 975;      86
 976;      86
 977;      94
 978;     116
 979;      95
 980;      98
 981;      95
 982;      93
 983;      89
 984;      81
 985;     101
 986;      71
 987;      76
 988;      95
 989;      85
 990;      87
 991;      92
 992;     105
 993;     117
 994;     139
 995;     138
 996;     142
 997;     185
 998;     174
 999;     196
1000;     256
1001;     278
1002;     295
1003;     285
1004;     298
1005;     318
1006;     315
1007;     302
1008;     289
1009;     290
1010;     275
1011;     220
1012;     185
1013;     171
1014;     139
1015;     131
1016;     116
1017;     126
1018;      93
1019;      83
1020;      79
1021;      82
1022;      80
1023;      65
1024;      79
1025;      73
1026;      67
1027;      69
1028;      69
1029;      72
1030;      72
1031;      68
1032;      89
1033;      63
1034;      68
1035;      83
1036;      92
1037;      83
1038;      91
1039;      79
1040;      76
1041;      83
1042;     102
1043;     127
1044;     113
1045;     118
1046;     135
1047;     140
1048;     117
1049;     164
1050;     154
1051;     174
1052;     144
1053;     151
1054;     158
1055;     188
1056;     156
1057;     154
1058;     138
1059;     141
1060;     113
1061;     141
1062;      94
1063;      88
1064;      98
1065;      96
1066;      78
1067;      89
1068;      79
1069;      76
1070;      80
1071;      84
1072;      72
1073;      74
1074;      71
1075;      54
1076;      64
1077;      74
1078;      70
1079;      78
1080;      59
1081;      41
1082;      61
1083;      59
1084;      62
1085;      60
1086;      60
1087;      59
1088;      56
1089;      79
1090;      50
1091;      62
1092;      57
1093;      59
1094;      61
1095;      49
1096;      52
1097;      47
1098;      56
1099;      54
1100;      44
1101;      52
1102;      53
1103;      46
1104;      53
1105;      48
1106;      55
1107;      54
1108;      53
1109;      53
1110;      42
1111;      51
1112;      54
1113;      40
1114;      57
1115;      46
1116;      48
1117;      40
1118;      45
1119;      42
1120;      55
1121;      43
1122;      62
1123;      47
1124;      64
1125;      57
1126;      72
1127;      70
1128;      66
1129;      76
1130;      76
1131;      90
1132;      64
1133;      88
1134;      95
1135;      64
1136;      64
1137;      78
1138;      60
1139;      64
1140;      53
1141;      53
1142;      51
1143;      35
1144;      59
1145;      53
1146;      46
1147;      52
1148;      46
1149;      52
1150;      39
1151;      44
1152;      51
1153;      45
1154;      54
1155;      52
1156;      43
1157;      47
1158;      54
1159;      44
1160;      41
1161;      47
1162;      49
1163;      44
1164;      42
1165;      40
1166;      40
1167;      54
1168;      49
1169;      50
1170;      43
1171;      30
1172;      39
1173;      50
1174;      47
1175;      39
1176;      39
1177;      47
1178;      40
1179;      41
1180;      37
1181;      45
1182;      50
1183;      50
1184;      44
1185;      41
1186;      58
1187;      60
1188;      50
1189;      47
1190;      60
1191;      37
1192;      48
1193;      47
1194;      47
1195;      39
1196;      50
1197;      40
1198;      51
1199;      38
1200;      34
1201;      42
1202;      52
1203;      43
1204;      42
1205;      31
1206;      37
1207;      44
1208;      38
1209;      34
1210;      34
1211;      47
1212;      42
1213;      42
1214;      43
1215;      37
1216;      35
1217;      39
1218;      42
1219;      40
1220;      42
1221;      34
1222;      27
1223;      23
1224;      31
1225;      45
1226;      37
1227;      43
1228;      38
1229;      34
1230;      34
1231;      27
1232;      33
1233;      36
1234;      32
1235;      39
1236;      39
1237;      35
1238;      27
1239;      36
1240;      46
1241;      30
1242;      47
1243;      27
1244;      32
1245;      32
1246;      31
1247;      34
1248;      37
1249;      43
1250;      36
1251;      34
1252;      36
1253;      41
1254;      41
1255;      32
1256;      41
1257;      28
1258;      34
1259;      41
1260;      37
1261;      35
1262;      29
1263;      34
1264;      38
1265;      29
1266;      45
1267;      36
1268;      30
1269;      36
1270;      30
1271;      26
1272;      30
1273;      19
1274;      29
1275;      42
1276;      29
1277;      25
1278;      39
1279;      22
1280;      30
1281;      30
1282;      30
1283;      31
1284;      23
1285;      28
1286;      26
1287;      28
1288;      34
1289;      24
1290;      37
1291;      32
1292;      27
1293;      30
1294;      39
1295;      34
1296;      22
1297;      35
1298;      33
1299;      34
1300;      37
1301;      30
1302;      23
1303;      30
1304;      24
1305;      44
1306;      29
1307;      23
1308;      32
1309;      43
1310;      35
1311;      30
1312;      32
1313;      33
1314;      34
1315;      29
1316;      19
1317;      33
1318;      32
1319;      30
1320;      22
1321;      37
1322;      24
1323;      27
1324;      31
1325;      29
1326;      24
1327;      42
1328;      19
1329;      30
1330;      29
1331;      31
1332;      21
1333;      24
1334;      26
1335;      15
1336;      22
1337;      28
1338;      28
1339;      22
1340;      31
1341;      24
1342;      34
1343;      17
1344;      30
1345;      35
1346;      23
1347;      26
1348;      25
1349;      30
1350;      25
1351;      24
1352;      40
1353;      37
1354;      22
1355;      33
1356;      26
1357;      31
1358;      25
1359;      29
1360;      25
1361;      36
1362;      25
1363;      36
1364;      29
1365;      23
1366;      33
1367;      20
1368;      33
1369;      24
1370;      31
1371;      39
1372;      23
1373;      34
1374;      20
1375;      31
1376;      26
1377;      19
1378;      30
1379;      25
1380;      30
1381;      25
1382;      24
1383;      24
1384;      18
1385;      21
1386;      28
1387;      25
1388;      20
1389;      30
1390;      24
1391;      32
1392;      28
1393;      25
1394;      33
1395;      32
1396;      22
1397;      13
1398;      23
1399;      18
1400;      30
1401;      16
1402;      27
1403;      25
1404;      29
1405;      34
1406;      20
1407;      27
1408;      18
1409;      24
1410;      16
1411;      27
1412;      17
1413;      29
1414;      23
1415;      31
1416;      25
1417;      18
1418;      24
1419;      25
1420;      25
1421;      29
1422;      29
1423;      19
1424;      26
1425;      24
1426;      17
1427;      30
1428;      30
1429;      12
1430;      19
1431;      16
1432;      23
1433;      23
1434;      27
1435;      17
1436;      36
1437;      20
1438;      22
1439;      32
1440;      21
1441;      17
1442;      27
1443;      17
1444;      21
1445;      21
1446;      20
1447;      20
1448;      21
1449;      23
1450;      22
1451;      21
1452;      21
1453;      23
1454;      19
1455;      21
1456;      18
1457;      19
1458;      20
1459;      16
1460;      30
1461;      23
1462;      24
1463;      18
1464;      22
1465;      16
1466;      19
1467;      22
1468;      27
1469;      21
1470;      24
1471;      14
1472;      17
1473;      13
1474;      19
1475;      21
1476;      18
1477;      13
1478;      17
1479;      31
1480;      16
1481;      22
1482;      21
1483;      28
1484;      19
1485;      13
1486;      18
1487;      22
1488;      16
1489;      29
1490;      23
1491;      15
1492;      11
1493;      18
1494;      23
1495;      21
1496;      22
1497;      15
1498;       8
1499;      14
1500;      10
1501;      18
1502;      21
1503;      27
1504;      18
1505;      11
1506;      17
1507;      15
1508;      23
1509;      24
1510;      21
1511;      19
1512;      22
1513;      23
1514;      20
1515;      25
1516;      16
1517;      16
1518;      13
1519;      16
1520;      14
1521;      15
1522;      21
1523;      17
1524;      17
1525;      15
1526;      16
1527;      19
1528;      18
1529;      29
1530;      23
1531;      20
1532;      25
1533;      13
1534;      19
1535;      14
1536;      14
1537;      19
1538;      13
1539;      14
1540;      16
1541;      12
1542;      17
1543;      19
1544;      17
1545;      20
1546;       9
1547;      11
1548;      14
1549;      15
1550;      15
1551;      16
1552;      11
1553;      17
1554;      11
1555;      15
1556;      19
1557;      16
1558;      17
1559;      10
1560;      18
1561;      13
1562;      18
1563;       9
1564;      23
1565;      11
1566;      20
1567;      16
1568;      19
1569;      16
1570;      20
1571;      18
1572;      24
1573;      32
1574;      36
1575;      33
1576;      30
1577;      43
1578;      51
1579;      34
1580;      49
1581;      61
1582;      61
1583;      89
1584;      72
1585;      84
1586;      67
1587;      72
1588;      85
1589;      68
1590;      69
1591;      65
1592;      60
1593;      74
1594;      79
1595;      57
1596;      77
1597;      73
1598;      91
1599;      93
1600;     105
1601;     113
1602;     127
1603;     107
1604;     109
1605;     102
1606;     104
1607;     120
1608;     105
1609;     106
1610;      90
1611;      68
1612;      70
1613;      60
1614;      39
1615;      35
1616;      33
1617;      17
1618;      20
1619;      19
1620;      21
1621;      13
1622;      11
1623;       7
1624;      10
1625;      11
1626;      14
1627;      14
1628;      10
1629;       7
1630;       7
1631;       7
1632;       7
1633;      13
1634;       4
1635;      14
1636;       7
1637;      12
1638;       9
1639;       7
1640;       8
1641;       6
1642;       6
1643;      13
1644;       8
1645;       9
1646;       8
1647;       5
1648;       7
1649;       9
1650;       8
1651;      10
1652;       3
1653;       1
1654;      10
1655;       3
1656;       5
1657;       8
1658;       5
1659;      11
1660;       7
1661;      10
1662;       5
1663;       6
1664;       8
1665;       7
1666;      12
1667;       9
1668;       5
1669;       5
1670;       5
1671;       4
1672;       6
1673;      11
1674;       5
1675;       6
1676;       8
1677;      11
1678;       5
1679;       3
1680;       9
1681;       8
1682;       2
1683;       6
1684;       7
1685;       3
1686;       3
1687;       5
1688;       2
1689;       5
1690;       7
1691;       4
1692;       6
1693;       5
1694;       4
1695;       6
1696;       3
1697;       2
1698;       7
1699;       3
1700;       4
1701;       7
1702;       4
1703;       1
1704;      10
1705;       2
1706;       3
1707;       1
1708;       5
1709;       2
1710;       4
1711;       4
1712;       2
1713;       3
1714;       4
1715;       6
1716;       1
1717;       4
1718;       3
1719;       4
1720;       8
1721;       4
1722;       0
1723;       3
1724;       2
1725;       3
1726;       3
1727;       3
1728;       6
1729;       5
1730;       3
1731;       1
1732;       4
1733;       4
1734;       1
1735;       2
1736;       0
1737;       2
1738;       1
1739;       1
1740;       2
1741;       4
1742;       2
1743;       1
1744;       5
1745;       2
1746;       1
1747;       2
1748;       2
1749;       2
1750;       0
1751;       4
1752;       3
1753;       5
1754;       2
1755;       1
1756;       0
1757;       2
1758;       2
1759;       1
1760;       2
1761;       4
1762;       1
1763;       0
1764;       2
1765;       4
1766;       1
1767;       0
1768;       3
1769;       2
1770;       1
1771;       1
1772;       2
1773;       0
1774;       4
1775;       1
1776;       2
1777;       1
1778;       4
1779;       2
1780;       3
1781;       1
1782;       3
1783;       3
1784;       3
1785;       4
1786;       1
1787;       4
1788;       0
1789;       2
1790;       0
1791;       0
1792;       2
1793;       0
1794;       2
1795;       3
1796;       1
1797;       0
1798;       5
1799;      12
1800;       5
1801;       7
1802;      12
1803;       8
1804;      11
1805;      21
1806;      14
1807;      11
1808;      21
1809;      16
1810;      17
1811;      29
1812;      22
1813;      21
1814;      24
1815;      18
1816;      13
1817;      22
1818;      17
1819;      10
1820;      13
1821;      12
1822;       8
1823;       3
1824;       7
1825;       0
1826;       6
1827;       5
1828;       4
1829;       1
1830;       1
1831;       1
1832;       5
1833;       3
1834;       0
1835;       0
1836;       0
1837;       2
1838;       2
1839;       0
1840;       1
1841;       2
1842;       0
1843;       0
1844;       2
1845;       0
1846;       3
1847;       1
1848;       2
1849;       3
1850;       6
1851;       4
1852;       4
1853;       7
1854;       5
1855;       5
1856;      10
1857;       4
1858;       3
1859;       4
1860;       6
1861;       3
1862;       2
1863;       6
1864;       5
1865;       2
1866;       1
1867;       5
1868;       5
1869;       2
1870;       3
1871;       1
1872;       0
1873;       1
1874;       0
1875;       1
1876;       0
1877;       0
1878;       0
1879;       1
1880;       1
1881;       1
1882;       0
1883;       0
1884;       0
1885;       0
1886;       0
1887;       0
1888;       0
1889;       0
1890;       0
1891;       0
1892;       0
1893;       0
1894;       0
1895;       0
1896;       0
1897;       0
1898;       1
1899;       0
1900;       0
1901;       0
1902;       0
1903;       0
1904;       0
1905;       1
1906;       1
1907;       0
1908;       0
1909;       0
1910;       1
1911;       0
1912;       1
1913;       0
1914;       0
1915;       2
1916;       0
1917;       0
1918;       0
1919;       0
1920;       1
1921;       1
1922;       0
1923;       0
1924;       1
1925;       0
1926;       0
1927;       0
1928;       0
1929;       0
1930;       0
1931;       0
1932;       0
1933;       0
1934;       0
1935;       0
1936;       0
1937;       0
1938;       1
1939;       0
1940;       0
1941;       1
1942;       0
1943;       1
1944;       0
1945;       1
1946;       0
1947;       0
1948;       0
1949;       1
1950;       0
1951;       0
1952;       0
1953;       0
1954;       0
1955;       0
1956;       0
1957;       0
1958;       0
1959;       1
1960;       0
1961;       0
1962;       0
1963;       0
1964;       0
1965;       0
1966;       0
1967;       0
1968;       1
1969;       0
1970;       0
1971;       0
1972;       0
1973;       0
1974;       0
1975;       0
1976;       0
1977;       0
1978;       0
1979;       0
1980;       0
1981;       0
1982;       0
1983;       0
1984;       0
1985;       0
1986;       0
1987;       0
1988;       0
1989;       0
1990;       0
1991;       0
1992;       1
1993;       0
1994;       0
1995;       1
1996;       0
1997;       0
1998;       0
1999;       1
2000;       0
2001;       0
2002;       0
2003;       0
2004;       0
2005;       0
2006;       0
2007;       0
2008;       1
2009;       0
2010;       0
2011;       0
2012;       0
2013;       0
2014;       0
2015;       0
2016;       0
2017;       0
2018;       0
2019;       0
2020;       0
2021;       0
2022;       1
2023;       0
2024;       0
2025;       0
2026;       0
2027;       0
2028;       0
2029;       0
2030;       0
2031;       0
2032;       0
2033;       0
2034;       0
2035;       0
2036;       0
2037;       0
2038;       0
2039;       0
2040;       1
2041;       0
2042;       0
2043;       0
2044;       0
2045;       0
2046;       0
2047;       0
