   0;     896
   1;     761
   2;     470
   3;     282
   4;     126
   5;      45
   6;      10
   7;       8
   8;       0
   9;       1
  10;       1
  11;       0
  12;       0
  13;       0
  14;       1
  15;       0
  16;       0
  17;       0
  18;       0
  19;       0
  20;       0
  21;       0
  22;       0
  23;       0
  24;       0
  25;       0
  26;       0
  27;       0
  28;       2
  29;       3
  30;      26
  31;      60
  32;      90
  33;      95
  34;      99
  35;     112
  36;      81
  37;     103
  38;      97
  39;      74
  40;      89
  41;      80
  42;     101
  43;      87
  44;      80
  45;     101
  46;     106
  47;     114
  48;     107
  49;      97
  50;     107
  51;     116
  52;     105
  53;      90
  54;      86
  55;      97
  56;      83
  57;     101
  58;      92
  59;      81
  60;     100
  61;      89
  62;      80
  63;      90
  64;      85
  65;      87
  66;      74
  67;      74
  68;      76
  69;      77
  70;      81
  71;      78
  72;      74
  73;      92
  74;      80
  75;      80
  76;      90
  77;      69
  78;      77
  79;      85
  80;      73
  81;      71
  82;      70
  83;      69
  84;      77
  85;      72
  86;      94
  87;     100
  88;      89
  89;      77
  90;      84
  91;      93
  92;      67
  93;      95
  94;      85
  95;      97
  96;     104
  97;     114
  98;     115
  99;     102
 100;     102
 101;      78
 102;      91
 103;      82
 104;      96
 105;      93
 106;      75
 107;      84
 108;      68
 109;     114
 110;     130
 111;     141
 112;     170
 113;     206
 114;     216
 115;     249
 116;     282
 117;     266
 118;     275
 119;     269
 120;     242
 121;     230
 122;     223
 123;     202
 124;     239
 125;     193
 126;     233
 127;     223
 128;     329
 129;     421
 130;     552
 131;     767
 132;    1016
 133;    1213
 134;    1424
 135;    1264
 136;    1306
 137;    1096
 138;     973
 139;     931
 140;     942
 141;     950
 142;    1027
 143;    1074
 144;    1185
 145;    1403
 146;    1442
 147;    1563
 148;    1405
 149;    1297
 150;    1040
 151;     748
 152;     524
 153;     392
 154;     317
 155;     261
 156;     299
 157;     303
 158;     294
 159;     293
 160;     308
 161;     286
 162;     241
 163;     216
 164;     200
 165;     212
 166;     209
 167;     199
 168;     208
 169;     178
 170;     166
 171;     179
 172;     162
 173;     190
 174;     182
 175;     199
 176;     260
 177;     356
 178;     530
 179;     850
 180;    1326
 181;    1860
 182;    2329
 183;    2694
 184;    2932
 185;    2706
 186;    2299
 187;    1643
 188;    1205
 189;     742
 190;     446
 191;     344
 192;     295
 193;     215
 194;     286
 195;     296
 196;     376
 197;     453
 198;     554
 199;     619
 200;     649
 201;     599
 202;     568
 203;     453
 204;     367
 205;     288
 206;     271
 207;     237
 208;     227
 209;     190
 210;     193
 211;     203
 212;     179
 213;     192
 214;     188
 215;     198
 216;     186
 217;     223
 218;     216
 219;     232
 220;     237
 221;     272
 222;     308
 223;     330
 224;     325
 225;     353
 226;     291
 227;     311
 228;     254
 229;     220
 230;     215
 231;     232
 232;     223
 233;     210
 234;     202
 235;     202
 236;     188
 237;     204
 238;     193
 239;     211
 240;     224
 241;     225
 242;     213
 243;     250
 244;     219
 245;     208
 246;     215
 247;     233
 248;     216
 249;     205
 250;     239
 251;     206
 252;     225
 253;     208
 254;     246
 255;     216
 256;     251
 257;     235
 258;     238
 259;     231
 260;     242
 261;     286
 262;     368
 263;     439
 264;     630
 265;     875
 266;    1192
 267;    1461
 268;    1794
 269;    1938
 270;    2015
 271;    1864
 272;    1598
 273;    1325
 274;     944
 275;     709
 276;     505
 277;     351
 278;     328
 279;     271
 280;     249
 281;     249
 282;     246
 283;     265
 284;     251
 285;     220
 286;     244
 287;     242
 288;     291
 289;     277
 290;     335
 291;     354
 292;     371
 293;     451
 294;     512
 295;     539
 296;     592
 297;     530
 298;     529
 299;     505
 300;     435
 301;     361
 302;     356
 303;     342
 304;     306
 305;     304
 306;     293
 307;     330
 308;     328
 309;     393
 310;     393
 311;     448
 312;     541
 313;     680
 314;     796
 315;     938
 316;    1128
 317;    1276
 318;    1315
 319;    1322
 320;    1360
 321;    1227
 322;     992
 323;     851
 324;     617
 325;     529
 326;     400
 327;     327
 328;     318
 329;     289
 330;     293
 331;     266
 332;     302
 333;     311
 334;     330
 335;     308
 336;     327
 337;     304
 338;     323
 339;     312
 340;     326
 341;     351
 342;     357
 343;     405
 344;     399
 345;     445
 346;     434
 347;     447
 348;     441
 349;     463
 350;     474
 351;     451
 352;     449
 353;     465
 354;     424
 355;     444
 356;     395
 357;     400
 358;     455
 359;     494
 360;     477
 361;     546
 362;     569
 363;     628
 364;     656
 365;     676
 366;     729
 367;     778
 368;     889
 369;     941
 370;     981
 371;    1052
 372;    1019
 373;     944
 374;     946
 375;     776
 376;     648
 377;     526
 378;     422
 379;     333
 380;     327
 381;     303
 382;     241
 383;     213
 384;     257
 385;     221
 386;     201
 387;     233
 388;     248
 389;     224
 390;     264
 391;     252
 392;     247
 393;     285
 394;     322
 395;     332
 396;     387
 397;     387
 398;     454
 399;     457
 400;     492
 401;     549
 402;     526
 403;     498
 404;     479
 405;     440
 406;     370
 407;     338
 408;     347
 409;     350
 410;     328
 411;     327
 412;     304
 413;     300
 414;     283
 415;     297
 416;     265
 417;     250
 418;     244
 419;     222
 420;     229
 421;     251
 422;     246
 423;     265
 424;     273
 425;     325
 426;     355
 427;     383
 428;     474
 429;     483
 430;     500
 431;     500
 432;     459
 433;     426
 434;     389
 435;     319
 436;     289
 437;     294
 438;     249
 439;     265
 440;     253
 441;     278
 442;     296
 443;     246
 444;     229
 445;     241
 446;     279
 447;     263
 448;     260
 449;     294
 450;     285
 451;     286
 452;     312
 453;     413
 454;     471
 455;     530
 456;     581
 457;     619
 458;     622
 459;     626
 460;     553
 461;     505
 462;     455
 463;     414
 464;     302
 465;     325
 466;     281
 467;     246
 468;     243
 469;     252
 470;     275
 471;     234
 472;     248
 473;     251
 474;     239
 475;     265
 476;     273
 477;     277
 478;     270
 479;     228
 480;     254
 481;     245
 482;     258
 483;     213
 484;     210
 485;     266
 486;     234
 487;     207
 488;     202
 489;     199
 490;     211
 491;     203
 492;     217
 493;     205
 494;     218
 495;     234
 496;     247
 497;     217
 498;     239
 499;     225
 500;     245
 501;     248
 502;     224
 503;     206
 504;     264
 505;     243
 506;     234
 507;     258
 508;     263
 509;     316
 510;     275
 511;     317
 512;     396
 513;     472
 514;     571
 515;     801
 516;    1065
 517;    1524
 518;    2039
 519;    2766
 520;    3656
 521;    4740
 522;    5937
 523;    6889
 524;    7765
 525;    8124
 526;    8168
 527;    7870
 528;    7110
 529;    6117
 530;    5032
 531;    3780
 532;    2715
 533;    2016
 534;    1352
 535;     959
 536;     635
 537;     418
 538;     338
 539;     253
 540;     274
 541;     214
 542;     216
 543;     212
 544;     192
 545;     217
 546;     227
 547;     188
 548;     201
 549;     167
 550;     208
 551;     199
 552;     206
 553;     188
 554;     202
 555;     204
 556;     229
 557;     209
 558;     233
 559;     210
 560;     194
 561;     252
 562;     281
 563;     311
 564;     287
 565;     316
 566;     307
 567;     280
 568;     288
 569;     300
 570;     235
 571;     238
 572;     223
 573;     209
 574;     221
 575;     205
 576;     190
 577;     178
 578;     185
 579;     170
 580;     168
 581;     200
 582;     216
 583;     222
 584;     182
 585;     188
 586;     195
 587;     201
 588;     193
 589;     187
 590;     216
 591;     204
 592;     237
 593;     226
 594;     222
 595;     206
 596;     221
 597;     249
 598;     229
 599;     251
 600;     246
 601;     260
 602;     321
 603;     347
 604;     348
 605;     393
 606;     435
 607;     435
 608;     451
 609;     476
 610;     530
 611;     526
 612;     602
 613;     560
 614;     559
 615;     554
 616;     543
 617;     583
 618;     663
 619;     761
 620;    1062
 621;    1400
 622;    1883
 623;    2544
 624;    3241
 625;    3980
 626;    4580
 627;    5350
 628;    5516
 629;    5789
 630;    5535
 631;    5150
 632;    4521
 633;    3931
 634;    3077
 635;    2500
 636;    1922
 637;    1503
 638;    1180
 639;     865
 640;     755
 641;     620
 642;     541
 643;     490
 644;     448
 645;     412
 646;     385
 647;     398
 648;     352
 649;     378
 650;     331
 651;     323
 652;     308
 653;     286
 654;     248
 655;     215
 656;     201
 657;     186
 658;     157
 659;     161
 660;     182
 661;     151
 662;     153
 663;     136
 664;     149
 665;     144
 666;     132
 667;     132
 668;     148
 669;     121
 670;     134
 671;     139
 672;     109
 673;     133
 674;     118
 675;     127
 676;     110
 677;     111
 678;     107
 679;     137
 680;     126
 681;     116
 682;     125
 683;     132
 684;     118
 685;     104
 686;      99
 687;     103
 688;      99
 689;     108
 690;     131
 691;     103
 692;     116
 693;     140
 694;     115
 695;     121
 696;     134
 697;     127
 698;     151
 699;     133
 700;     149
 701;     153
 702;     161
 703;     172
 704;     157
 705;     135
 706;     169
 707;     140
 708;     150
 709;     173
 710;     145
 711;     146
 712;     165
 713;     153
 714;     159
 715;     157
 716;     125
 717;     117
 718;     119
 719;     138
 720;     106
 721;     127
 722;     120
 723;     145
 724;     138
 725;     148
 726;     195
 727;     218
 728;     248
 729;     313
 730;     362
 731;     466
 732;     539
 733;     615
 734;     686
 735;     723
 736;     743
 737;     658
 738;     629
 739;     623
 740;     558
 741;     436
 742;     345
 743;     307
 744;     259
 745;     210
 746;     202
 747;     181
 748;     213
 749;     215
 750;     223
 751;     229
 752;     233
 753;     222
 754;     249
 755;     275
 756;     252
 757;     281
 758;     267
 759;     246
 760;     228
 761;     192
 762;     194
 763;     137
 764;     146
 765;     146
 766;      91
 767;     115
 768;      88
 769;      99
 770;      69
 771;      79
 772;      95
 773;     100
 774;      92
 775;      84
 776;      85
 777;      89
 778;      82
 779;     100
 780;      90
 781;      92
 782;      91
 783;     103
 784;      98
 785;     110
 786;      99
 787;     105
 788;      99
 789;     121
 790;     107
 791;     118
 792;      89
 793;     108
 794;      72
 795;      88
 796;      77
 797;      82
 798;      79
 799;      83
 800;      80
 801;      76
 802;      84
 803;      87
 804;      73
 805;      72
 806;      79
 807;      64
 808;      87
 809;      86
 810;      85
 811;      82
 812;      63
 813;      76
 814;      69
 815;      65
 816;      64
 817;      70
 818;      73
 819;      73
 820;      80
 821;      80
 822;      78
 823;      72
 824;      81
 825;      82
 826;      75
 827;      99
 828;      82
 829;      98
 830;      85
 831;      86
 832;      87
 833;      68
 834;      77
 835;      66
 836;      80
 837;      76
 838;      62
 839;      73
 840;      81
 841;      87
 842;      72
 843;      82
 844;      94
 845;      66
 846;      66
 847;      63
 848;      76
 849;      75
 850;      80
 851;      86
 852;      80
 853;      63
 854;      79
 855;      76
 856;      60
 857;      72
 858;      71
 859;      91
 860;      76
 861;      63
 862;      78
 863;      77
 864;      92
 865;      68
 866;      68
 867;      72
 868;      64
 869;      69
 870;      87
 871;      75
 872;      62
 873;      83
 874;      76
 875;      66
 876;      62
 877;      76
 878;      93
 879;      73
 880;      76
 881;      80
 882;      96
 883;      86
 884;      90
 885;      64
 886;      76
 887;      66
 888;      80
 889;      70
 890;      64
 891;      58
 892;      85
 893;      75
 894;      81
 895;      79
 896;      87
 897;      82
 898;      96
 899;      90
 900;      86
 901;      86
 902;      68
 903;      77
 904;     100
 905;      84
 906;     116
 907;      85
 908;      79
 909;     106
 910;     114
 911;     107
 912;      98
 913;     124
 914;     137
 915;     117
 916;     124
 917;     133
 918;     144
 919;     140
 920;     148
 921;     153
 922;     151
 923;     144
 924;     163
 925;     171
 926;     156
 927;     190
 928;     212
 929;     189
 930;     186
 931;     188
 932;     205
 933;     213
 934;     238
 935;     222
 936;     233
 937;     243
 938;     270
 939;     220
 940;     243
 941;     243
 942;     258
 943;     245
 944;     240
 945;     230
 946;     212
 947;     206
 948;     225
 949;     231
 950;     204
 951;     230
 952;     194
 953;     186
 954;     204
 955;     177
 956;     174
 957;     182
 958;     156
 959;     154
 960;     156
 961;     161
 962;     125
 963;     157
 964;     136
 965;     156
 966;     158
 967;     125
 968;     113
 969;     129
 970;      83
 971;     116
 972;     104
 973;      93
 974;      79
 975;      88
 976;      88
 977;      81
 978;      74
 979;      79
 980;      74
 981;      84
 982;      68
 983;      79
 984;      78
 985;      62
 986;      51
 987;      68
 988;      67
 989;      68
 990;      65
 991;      80
 992;      83
 993;      74
 994;      86
 995;     102
 996;      96
 997;     101
 998;     114
 999;     114
1000;     134
1001;     115
1002;     136
1003;     155
1004;     137
1005;     147
1006;     166
1007;     174
1008;     144
1009;     122
1010;     114
1011;     106
1012;     116
1013;     112
1014;     102
1015;      75
1016;      76
1017;      66
1018;      70
1019;      64
1020;      57
1021;      60
1022;      57
1023;      60
1024;      61
1025;      58
1026;      62
1027;      66
1028;      62
1029;      67
1030;      71
1031;      68
1032;      63
1033;      53
1034;      86
1035;      61
1036;      62
1037;      72
1038;      71
1039;      53
1040;      83
1041;      81
1042;      97
1043;     118
1044;     106
1045;     125
1046;     116
1047;     128
1048;     116
1049;     118
1050;     133
1051;     138
1052;     140
1053;     151
1054;     141
1055;     144
1056;     132
1057;     122
1058;     139
1059;      99
1060;     115
1061;      99
1062;     108
1063;      88
1064;      81
1065;      75
1066;      60
1067;      65
1068;      61
1069;      83
1070;      46
1071;      72
1072;      76
1073;      55
1074;      63
1075;      62
1076;      61
1077;      64
1078;      56
1079;      48
1080;      57
1081;      56
1082;      61
1083;      51
1084;      60
1085;      44
1086;      49
1087;      38
1088;      49
1089;      43
1090;      44
1091;      47
1092;      58
1093;      43
1094;      43
1095;      50
1096;      52
1097;      47
1098;      44
1099;      51
1100;      42
1101;      40
1102;      49
1103;      35
1104;      44
1105;      41
1106;      39
1107;      44
1108;      42
1109;      46
1110;      42
1111;      41
1112;      40
1113;      46
1114;      38
1115;      43
1116;      44
1117;      36
1118;      47
1119;      51
1120;      56
1121;      38
1122;      40
1123;      41
1124;      46
1125;      38
1126;      37
1127;      55
1128;      48
1129;      56
1130;      62
1131;      47
1132;      59
1133;      45
1134;      59
1135;      50
1136;      59
1137;      44
1138;      49
1139;      31
1140;      41
1141;      38
1142;      38
1143;      50
1144;      39
1145;      40
1146;      37
1147;      36
1148;      32
1149;      31
1150;      40
1151;      36
1152;      42
1153;      40
1154;      39
1155;      34
1156;      30
1157;      33
1158;      42
1159;      36
1160;      42
1161;      36
1162;      46
1163;      46
1164;      27
1165;      38
1166;      32
1167;      32
1168;      30
1169;      33
1170;      34
1171;      30
1172;      31
1173;      36
1174;      28
1175;      37
1176;      34
1177;      37
1178;      29
1179;      35
1180;      43
1181;      41
1182;      37
1183;      38
1184;      27
1185;      52
1186;      56
1187;      41
1188;      38
1189;      40
1190;      45
1191;      43
1192;      46
1193;      30
1194;      35
1195;      33
1196;      47
1197;      43
1198;      32
1199;      33
1200;      46
1201;      35
1202;      35
1203;      28
1204;      39
1205;      36
1206;      31
1207;      45
1208;      24
1209;      35
1210;      27
1211;      28
1212;      29
1213;      29
1214;      24
1215;      33
1216;      28
1217;      24
1218;      26
1219;      25
1220;      28
1221;      32
1222;      38
1223;      35
1224;      44
1225;      38
1226;      19
1227;      31
1228;      22
1229;      22
1230;      28
1231;      30
1232;      30
1233;      19
1234;      26
1235;      25
1236;      27
1237;      20
1238;      36
1239;      26
1240;      26
1241;      28
1242;      23
1243;      31
1244;      27
1245;      33
1246;      24
1247;      30
1248;      27
1249;      29
1250;      23
1251;      22
1252;      38
1253;      27
1254;      28
1255;      25
1256;      28
1257;      32
1258;      35
1259;      26
1260;      17
1261;      29
1262;      23
1263;      43
1264;      22
1265;      28
1266;      30
1267;      29
1268;      19
1269;      25
1270;      29
1271;      22
1272;      16
1273;      27
1274;      20
1275;      34
1276;      26
1277;      15
1278;      28
1279;      23
1280;      31
1281;      24
1282;      32
1283;      25
1284;      29
1285;      19
1286;      27
1287;      18
1288;      19
1289;      31
1290;      21
1291;      27
1292;      19
1293;      17
1294;      31
1295;      26
1296;      24
1297;      24
1298;      26
1299;      27
1300;      24
1301;      20
1302;      23
1303;      18
1304;      24
1305;      23
1306;      22
1307;      21
1308;      30
1309;      25
1310;      23
1311;      15
1312;      34
1313;      20
1314;      15
1315;      13
1316;      17
1317;      20
1318;      24
1319;      30
1320;      25
1321;      21
1322;      20
1323;      22
1324;      27
1325;      27
1326;      24
1327;      28
1328;      26
1329;      12
1330;      13
1331;      18
1332;      20
1333;      30
1334;      21
1335;      16
1336;      24
1337;      28
1338;      19
1339;      17
1340;      19
1341;      20
1342;      25
1343;      15
1344;      20
1345;      14
1346;      17
1347;      15
1348;      24
1349;      14
1350;      22
1351;      20
1352;      16
1353;      23
1354;      23
1355;      25
1356;      21
1357;      21
1358;      24
1359;      16
1360;      20
1361;      25
1362;      24
1363;      22
1364;      30
1365;      14
1366;      29
1367;      20
1368;      23
1369;      19
1370;      24
1371;      24
1372;      16
1373;      20
1374;      17
1375;      28
1376;      23
1377;      23
1378;      24
1379;      24
1380;      22
1381;      17
1382;      17
1383;      20
1384;      26
1385;      14
1386;      13
1387;      24
1388;      18
1389;      18
1390;      19
1391;      12
1392;      14
1393;      20
1394;      21
1395;      11
1396;      25
1397;      11
1398;      14
1399;      13
1400;      18
1401;      19
1402;      19
1403;      18
1404;      15
1405;      18
1406;      17
1407;      18
1408;      18
1409;      16
1410;      22
1411;      27
1412;      25
1413;      16
1414;      15
1415;      17
1416;      17
1417;      19
1418;      19
1419;      24
1420;      21
1421;      15
1422;      13
1423;      21
1424;      18
1425;      11
1426;      24
1427;      18
1428;      15
1429;      18
1430;       9
1431;      16
1432;      18
1433;      22
1434;      13
1435;      18
1436;      10
1437;      17
1438;       9
1439;      13
1440;      17
1441;      15
1442;      17
1443;      21
1444;      13
1445;      16
1446;      11
1447;      23
1448;      16
1449;      13
1450;      19
1451;      17
1452;      21
1453;      17
1454;      20
1455;      17
1456;      17
1457;      18
1458;      14
1459;      13
1460;      15
1461;      12
1462;      11
1463;      22
1464;      11
1465;      11
1466;      16
1467;      13
1468;      19
1469;      13
1470;      14
1471;      14
1472;      12
1473;      19
1474;      16
1475;      12
1476;      14
1477;      10
1478;       7
1479;      12
1480;      15
1481;      13
1482;      14
1483;      17
1484;      14
1485;      11
1486;      17
1487;      29
1488;      14
1489;      15
1490;      12
1491;      11
1492;       8
1493;      21
1494;      14
1495;      19
1496;      18
1497;      15
1498;      16
1499;      11
1500;       9
1501;      18
1502;      13
1503;      13
1504;      11
1505;      12
1506;      12
1507;      10
1508;      11
1509;      10
1510;      13
1511;       8
1512;      18
1513;      14
1514;      16
1515;      12
1516;       9
1517;      12
1518;      12
1519;      11
1520;       5
1521;       5
1522;      15
1523;      12
1524;      12
1525;      12
1526;      10
1527;       9
1528;      13
1529;      16
1530;       9
1531;       9
1532;      18
1533;      14
1534;      16
1535;      16
1536;       7
1537;      10
1538;       9
1539;      15
1540;       7
1541;      15
1542;       8
1543;      10
1544;       7
1545;      13
1546;       9
1547;      10
1548;      12
1549;      14
1550;      14
1551;      12
1552;       9
1553;       7
1554;       4
1555;      10
1556;       5
1557;      11
1558;       9
1559;       9
1560;       9
1561;      16
1562;       8
1563;       8
1564;       8
1565;      14
1566;       9
1567;       9
1568;       8
1569;      12
1570;       5
1571;       3
1572;       8
1573;       9
1574;      15
1575;      10
1576;       7
1577;       6
1578;       9
1579;      12
1580;       9
1581;       8
1582;      11
1583;      15
1584;       9
1585;      11
1586;       8
1587;      11
1588;       7
1589;       6
1590;      10
1591;      10
1592;       3
1593;       9
1594;      10
1595;       9
1596;       8
1597;       4
1598;       9
1599;      10
1600;       4
1601;       9
1602;       6
1603;       8
1604;       8
1605;       7
1606;      10
1607;       4
1608;       4
1609;       7
1610;       9
1611;       5
1612;       5
1613;       9
1614;       5
1615;       1
1616;       8
1617;       4
1618;       5
1619;       6
1620;       9
1621;       5
1622;       7
1623;       3
1624;       6
1625;       6
1626;       4
1627;       6
1628;       7
1629;      11
1630;      13
1631;       6
1632;       7
1633;       5
1634;       6
1635;       8
1636;       4
1637;       7
1638;       7
1639;       8
1640;       7
1641;       4
1642;       8
1643;       4
1644;       6
1645;       5
1646;       4
1647;       7
1648;       6
1649;       8
1650;      11
1651;       4
1652;       4
1653;       3
1654;       3
1655;       0
1656;      10
1657;       6
1658;       3
1659;       6
1660;       9
1661;       3
1662;       5
1663;       6
1664;       4
1665;       3
1666;       2
1667;       6
1668;       7
1669;       5
1670;       3
1671;       4
1672;       7
1673;       5
1674;       4
1675;       5
1676;       3
1677;       2
1678;       4
1679;       1
1680;       2
1681;       5
1682;       3
1683;       2
1684;       2
1685;       9
1686;       4
1687;       3
1688;       5
1689;       6
1690;       6
1691;       3
1692;       2
1693;       2
1694;       3
1695;       5
1696;       2
1697;       1
1698;       3
1699;       5
1700;       3
1701;       1
1702;       4
1703;       6
1704;       9
1705;       5
1706;       1
1707;       2
1708;       5
1709;       4
1710;       5
1711;       2
1712;       4
1713;       3
1714;       4
1715;       2
1716;       3
1717;       2
1718;       3
1719;       1
1720;       2
1721;       1
1722;       2
1723;       2
1724;       3
1725;       2
1726;       2
1727;       0
1728;       2
1729;       1
1730;       0
1731;       0
1732;       2
1733;       3
1734;       1
1735;       2
1736;       0
1737;       2
1738;       2
1739;       2
1740;       3
1741;       0
1742;       3
1743;       1
1744;       0
1745;       1
1746;       0
1747;       1
1748;       1
1749;       0
1750;       1
1751;       2
1752;       3
1753;       1
1754;       1
1755;       1
1756;       1
1757;       0
1758;       0
1759;       1
1760;       1
1761;       1
1762;       2
1763;       0
1764;       1
1765;       0
1766;       2
1767;       1
1768;       1
1769;       1
1770;       1
1771;       1
1772;       0
1773;       3
1774;       2
1775;       1
1776;       1
1777;       0
1778;       1
1779;       0
1780;       1
1781;       0
1782;       0
1783;       0
1784;       1
1785;       0
1786;       0
1787;       0
1788;       0
1789;       0
1790;       0
1791;       0
1792;       0
1793;       0
1794;       0
1795;       0
1796;       1
1797;       1
1798;       0
1799;       0
1800;       0
1801;       0
1802;       0
1803;       0
1804;       0
1805;       0
1806;       0
1807;       1
1808;       0
1809;       0
1810;       1
1811;       1
1812;       0
1813;       1
1814;       0
1815;       0
1816;       0
1817;       0
1818;       0
1819;       0
1820;       0
1821;       1
1822;       1
1823;       0
1824;       0
1825;       0
1826;       0
1827;       1
1828;       0
1829;       0
1830;       0
1831;       1
1832;       0
1833;       0
1834;       0
1835;       0
1836;       0
1837;       1
1838;       0
1839;       0
1840;       0
1841;       0
1842;       0
1843;       0
1844;       0
1845;       0
1846;       0
1847;       0
1848;       0
1849;       0
1850;       0
1851;       1
1852;       0
1853;       0
1854;       0
1855;       0
1856;       1
1857;       0
1858;       1
1859;       0
1860;       0
1861;       1
1862;       1
1863;       0
1864;       0
1865;       1
1866;       0
1867;       0
1868;       0
1869;       0
1870;       1
1871;       0
1872;       0
1873;       0
1874;       0
1875;       1
1876;       0
1877;       0
1878;       1
1879;       0
1880;       0
1881;       0
1882;       0
1883;       1
1884;       0
1885;       0
1886;       0
1887;       0
1888;       0
1889;       0
1890;       0
1891;       0
1892;       1
1893;       0
1894;       0
1895;       0
1896;       0
1897;       0
1898;       0
1899;       0
1900;       0
1901;       0
1902;       2
1903;       0
1904;       0
1905;       0
1906;       0
1907;       0
1908;       0
1909;       0
1910;       0
1911;       0
1912;       0
1913;       0
1914;       0
1915;       0
1916;       1
1917;       0
1918;       0
1919;       0
1920;       0
1921;       0
1922;       0
1923;       0
1924;       0
1925;       0
1926;       0
1927;       0
1928;       0
1929;       0
1930;       0
1931;       0
1932;       0
1933;       0
1934;       0
1935;       0
1936;       0
1937;       0
1938;       0
1939;       0
1940;       0
1941;       0
1942;       0
1943;       0
1944;       0
1945;       0
1946;       0
1947;       0
1948;       0
1949;       0
1950;       0
1951;       0
1952;       0
1953;       0
1954;       0
1955;       0
1956;       0
1957;       1
1958;       0
1959;       0
1960;       0
1961;       0
1962;       0
1963;       0
1964;       0
1965;       0
1966;       0
1967;       0
1968;       0
1969;       0
1970;       0
1971;       0
1972;       0
1973;       1
1974;       0
1975;       0
1976;       0
1977;       0
1978;       0
1979;       0
1980;       0
1981;       0
1982;       0
1983;       0
1984;       0
1985;       0
1986;       0
1987;       0
1988;       0
1989;       0
1990;       0
1991;       0
1992;       0
1993;       0
1994;       0
1995;       0
1996;       0
1997;       0
1998;       0
1999;       0
2000;       0
2001;       0
2002;       0
2003;       0
2004;       0
2005;       0
2006;       0
2007;       0
2008;       0
2009;       1
2010;       0
2011;       0
2012;       0
2013;       0
2014;       0
2015;       0
2016;       0
2017;       0
2018;       0
2019;       0
2020;       0
2021;       0
2022;       0
2023;       0
2024;       0
2025;       0
2026;       0
2027;       0
2028;       0
2029;       0
2030;       0
2031;       0
2032;       0
2033;       0
2034;       0
2035;       0
2036;       0
2037;       0
2038;       0
2039;       0
2040;       0
2041;       0
2042;       0
2043;       0
2044;       0
2045;       0
2046;       0
2047;       0
