   0;     886
   1;     703
   2;     521
   3;     249
   4;     106
   5;      52
   6;      16
   7;       3
   8;       1
   9;       0
  10;       0
  11;       1
  12;       1
  13;       0
  14;       0
  15;       0
  16;       0
  17;       0
  18;       0
  19;       0
  20;       0
  21;       0
  22;       0
  23;       0
  24;       0
  25;       0
  26;       0
  27;       0
  28;       1
  29;       3
  30;      32
  31;      59
  32;      97
  33;     112
  34;      91
  35;      98
  36;      95
  37;     109
  38;     103
  39;      97
  40;      88
  41;     101
  42;      88
  43;      75
  44;      86
  45;     101
  46;     114
  47;     102
  48;      78
  49;     101
  50;      96
  51;     104
  52;     108
  53;     109
  54;     101
  55;      86
  56;      94
  57;     110
  58;     117
  59;     116
  60;     121
  61;      94
  62;     105
  63;      95
  64;      85
  65;     101
  66;     104
  67;      71
  68;      84
  69;      69
  70;      78
  71;      92
  72;     104
  73;     108
  74;     109
  75;     109
  76;      82
  77;      87
  78;      90
  79;      88
  80;      79
  81;      95
  82;      94
  83;      96
  84;      86
  85;      97
  86;     106
  87;     107
  88;     104
  89;     103
  90;     110
  91;      88
  92;     101
  93;     104
  94;     109
  95;     131
  96;     104
  97;     115
  98;     125
  99;     123
 100;     126
 101;     123
 102;     115
 103;      81
 104;      89
 105;     106
 106;     117
 107;     132
 108;     120
 109;     150
 110;     154
 111;     189
 112;     263
 113;     308
 114;     371
 115;     371
 116;     411
 117;     339
 118;     276
 119;     238
 120;     223
 121;     188
 122;     187
 123;     192
 124;     190
 125;     206
 126;     209
 127;     216
 128;     325
 129;     450
 130;     618
 131;     805
 132;    1013
 133;    1286
 134;    1396
 135;    1364
 136;    1348
 137;    1186
 138;    1047
 139;     982
 140;    1010
 141;    1030
 142;    1065
 143;    1166
 144;    1278
 145;    1329
 146;    1543
 147;    1587
 148;    1539
 149;    1285
 150;    1071
 151;     812
 152;     582
 153;     408
 154;     377
 155;     337
 156;     293
 157;     352
 158;     332
 159;     348
 160;     312
 161;     318
 162;     292
 163;     299
 164;     283
 165;     277
 166;     283
 167;     270
 168;     225
 169;     230
 170;     229
 171;     238
 172;     178
 173;     202
 174;     216
 175;     250
 176;     295
 177;     375
 178;     586
 179;     848
 180;    1325
 181;    1859
 182;    2345
 183;    2848
 184;    2750
 185;    2730
 186;    2322
 187;    1802
 188;    1187
 189;     853
 190;     556
 191;     368
 192;     331
 193;     346
 194;     395
 195;     434
 196;     530
 197;     634
 198;     714
 199;     762
 200;     742
 201;     708
 202;     630
 203;     557
 204;     432
 205;     392
 206;     335
 207;     276
 208;     276
 209;     259
 210;     300
 211;     279
 212;     368
 213;     377
 214;     450
 215;     641
 216;     861
 217;    1327
 218;    2037
 219;    3123
 220;    4390
 221;    5786
 222;    6696
 223;    7636
 224;    7585
 225;    6878
 226;    5893
 227;    4596
 228;    3174
 229;    2179
 230;    1384
 231;     902
 232;     659
 233;     537
 234;     603
 235;     829
 236;    1245
 237;    1780
 238;    2290
 239;    2901
 240;    3328
 241;    3579
 242;    3668
 243;    3423
 244;    3032
 245;    2682
 246;    2309
 247;    1859
 248;    1454
 249;    1170
 250;     922
 251;     748
 252;     668
 253;     763
 254;     878
 255;     934
 256;    1066
 257;    1144
 258;    1140
 259;     966
 260;     845
 261;     650
 262;     568
 263;     443
 264;     418
 265;     390
 266;     451
 267;     539
 268;     563
 269;     663
 270;     647
 271;     691
 272;     766
 273;     669
 274;     700
 275;     734
 276;     702
 277;     675
 278;     600
 279;     429
 280;     393
 281;     377
 282;     354
 283;     309
 284;     318
 285;     366
 286;     358
 287;     401
 288;     462
 289;     468
 290;     488
 291;     403
 292;     421
 293;     447
 294;     403
 295;     398
 296;     343
 297;     381
 298;     344
 299;     346
 300;     377
 301;     332
 302;     314
 303;     317
 304;     293
 305;     303
 306;     327
 307;     320
 308;     297
 309;     357
 310;     411
 311;     377
 312;     504
 313;     530
 314;     591
 315;     694
 316;     761
 317;     890
 318;     893
 319;     908
 320;     856
 321;     761
 322;     678
 323;     566
 324;     495
 325;     440
 326;     341
 327;     320
 328;     302
 329;     249
 330;     302
 331;     261
 332;     304
 333;     302
 334;     301
 335;     277
 336;     300
 337;     345
 338;     334
 339;     361
 340;     378
 341;     384
 342;     378
 343;     392
 344;     370
 345;     409
 346;     400
 347;     428
 348;     431
 349;     420
 350;     394
 351;     410
 352;     428
 353;     380
 354;     390
 355;     404
 356;     391
 357;     436
 358;     448
 359;     457
 360;     489
 361;     517
 362;     553
 363;     603
 364;     656
 365;     732
 366;     804
 367;     811
 368;     904
 369;     916
 370;    1049
 371;    1062
 372;    1061
 373;    1089
 374;     926
 375;     795
 376;     680
 377;     564
 378;     453
 379;     376
 380;     319
 381;     293
 382;     262
 383;     258
 384;     247
 385;     230
 386;     221
 387;     244
 388;     240
 389;     266
 390;     250
 391;     242
 392;     261
 393;     261
 394;     271
 395;     285
 396;     291
 397;     330
 398;     319
 399;     342
 400;     362
 401;     338
 402;     356
 403;     375
 404;     350
 405;     344
 406;     321
 407;     353
 408;     339
 409;     338
 410;     349
 411;     393
 412;     358
 413;     380
 414;     384
 415;     355
 416;     385
 417;     394
 418;     420
 419;     476
 420;     598
 421;     976
 422;    1449
 423;    2237
 424;    3466
 425;    4960
 426;    6792
 427;    8783
 428;   10388
 429;   11512
 430;   12277
 431;   11890
 432;   10838
 433;    9319
 434;    7297
 435;    5500
 436;    3832
 437;    2475
 438;    1641
 439;     976
 440;     629
 441;     442
 442;     345
 443;     317
 444;     263
 445;     245
 446;     252
 447;     229
 448;     217
 449;     270
 450;     255
 451;     267
 452;     276
 453;     293
 454;     311
 455;     312
 456;     339
 457;     339
 458;     308
 459;     318
 460;     366
 461;     324
 462;     308
 463;     274
 464;     275
 465;     283
 466;     289
 467;     323
 468;     395
 469;     501
 470;     659
 471;     779
 472;    1059
 473;    1354
 474;    1599
 475;    1841
 476;    1943
 477;    1982
 478;    1929
 479;    1919
 480;    1589
 481;    1326
 482;    1011
 483;     760
 484;     596
 485;     438
 486;     314
 487;     276
 488;     232
 489;     225
 490;     175
 491;     177
 492;     200
 493;     186
 494;     196
 495;     178
 496;     189
 497;     203
 498;     190
 499;     179
 500;     198
 501;     201
 502;     186
 503;     202
 504;     187
 505;     186
 506;     211
 507;     212
 508;     193
 509;     185
 510;     213
 511;     204
 512;     222
 513;     234
 514;     288
 515;     368
 516;     446
 517;     616
 518;     793
 519;    1073
 520;    1280
 521;    1557
 522;    1917
 523;    2286
 524;    2527
 525;    2679
 526;    2728
 527;    2666
 528;    2326
 529;    2115
 530;    1649
 531;    1276
 532;     914
 533;     778
 534;     477
 535;     381
 536;     302
 537;     264
 538;     224
 539;     207
 540;     190
 541;     181
 542;     141
 543;     164
 544;     163
 545;     184
 546;     165
 547;     183
 548;     169
 549;     183
 550;     187
 551;     164
 552;     172
 553;     172
 554;     163
 555;     179
 556;     154
 557;     151
 558;     192
 559;     168
 560;     187
 561;     172
 562;     186
 563;     221
 564;     197
 565;     216
 566;     207
 567;     220
 568;     183
 569;     179
 570;     198
 571;     154
 572;     183
 573;     148
 574;     177
 575;     161
 576;     157
 577;     181
 578;     166
 579;     155
 580;     155
 581;     155
 582;     169
 583;     144
 584;     148
 585;     171
 586;     161
 587;     133
 588;     146
 589;     157
 590;     146
 591;     158
 592;     141
 593;     146
 594;     171
 595;     169
 596;     167
 597;     176
 598;     199
 599;     173
 600;     177
 601;     176
 602;     203
 603;     220
 604;     191
 605;     245
 606;     230
 607;     258
 608;     271
 609;     236
 610;     271
 611;     278
 612;     294
 613;     291
 614;     266
 615;     293
 616;     299
 617;     309
 618;     331
 619;     405
 620;     493
 621;     645
 622;     831
 623;    1056
 624;    1360
 625;    1649
 626;    1840
 627;    2197
 628;    2256
 629;    2305
 630;    2296
 631;    2033
 632;    1859
 633;    1540
 634;    1292
 635;    1021
 636;     874
 637;     618
 638;     519
 639;     424
 640;     354
 641;     309
 642;     264
 643;     262
 644;     265
 645;     227
 646;     251
 647;     214
 648;     198
 649;     223
 650;     205
 651;     230
 652;     219
 653;     208
 654;     182
 655;     179
 656;     144
 657;     148
 658;     141
 659;     146
 660;     135
 661;     126
 662;     129
 663;     140
 664;     140
 665;     123
 666;     121
 667;     152
 668;     128
 669;     130
 670;     135
 671;     122
 672;     122
 673;     101
 674;     135
 675;     114
 676;     123
 677;     124
 678;     111
 679;     124
 680;      98
 681;     101
 682;     109
 683;     119
 684;     136
 685;     116
 686;      99
 687;     119
 688;     114
 689;     113
 690;      99
 691;     124
 692;     118
 693;     121
 694;     118
 695;     129
 696;     142
 697;     145
 698;     193
 699;     179
 700;     198
 701;     220
 702;     224
 703;     276
 704;     274
 705;     243
 706;     265
 707;     285
 708;     230
 709;     246
 710;     185
 711;     167
 712;     159
 713;     147
 714;     152
 715;     106
 716;     128
 717;     116
 718;     117
 719;     102
 720;     117
 721;     121
 722;      84
 723;      97
 724;     108
 725;     130
 726;     142
 727;     147
 728;     172
 729;     201
 730;     232
 731;     278
 732;     317
 733;     317
 734;     386
 735;     394
 736;     387
 737;     370
 738;     336
 739;     303
 740;     285
 741;     255
 742;     221
 743;     173
 744;     150
 745;     158
 746;     131
 747;     116
 748;     138
 749;     148
 750;     124
 751;     144
 752;     151
 753;     183
 754;     175
 755;     187
 756;     194
 757;     183
 758;     141
 759;     154
 760;     156
 761;     140
 762;     130
 763;     120
 764;     103
 765;     121
 766;      99
 767;     116
 768;      83
 769;     106
 770;     102
 771;      84
 772;      88
 773;      88
 774;      73
 775;      91
 776;      92
 777;      91
 778;      93
 779;      83
 780;      93
 781;     107
 782;     104
 783;     100
 784;     106
 785;      97
 786;     128
 787;     127
 788;      95
 789;     115
 790;     125
 791;     116
 792;     108
 793;     107
 794;      85
 795;      88
 796;      81
 797;      81
 798;      86
 799;      87
 800;      79
 801;      84
 802;      84
 803;      74
 804;      88
 805;      73
 806;      86
 807;      85
 808;      82
 809;      72
 810;      74
 811;      76
 812;      67
 813;      75
 814;      70
 815;      77
 816;      82
 817;      84
 818;      77
 819;      72
 820;      79
 821;      88
 822;      87
 823;      98
 824;      92
 825;      93
 826;      93
 827;     103
 828;      87
 829;      95
 830;      99
 831;      95
 832;      89
 833;      86
 834;      76
 835;      76
 836;      89
 837;      59
 838;      72
 839;      66
 840;      91
 841;      62
 842;      95
 843;      74
 844;      70
 845;      84
 846;      64
 847;      82
 848;      82
 849;      75
 850;      72
 851;      86
 852;      69
 853;      63
 854;      82
 855;      62
 856;      80
 857;      90
 858;      77
 859;      78
 860;     106
 861;     101
 862;      91
 863;     103
 864;     115
 865;     131
 866;     151
 867;     125
 868;     123
 869;     162
 870;     121
 871;     150
 872;     122
 873;     121
 874;     139
 875;     108
 876;      98
 877;      98
 878;      81
 879;      77
 880;      78
 881;      75
 882;      70
 883;      56
 884;      75
 885;      77
 886;      76
 887;      83
 888;      61
 889;      82
 890;      71
 891;      68
 892;      68
 893;      67
 894;      59
 895;      63
 896;      74
 897;      71
 898;      69
 899;      73
 900;      75
 901;      53
 902;      66
 903;      69
 904;      80
 905;      79
 906;      90
 907;      72
 908;      73
 909;      69
 910;      83
 911;      91
 912;      86
 913;      92
 914;     104
 915;     105
 916;      95
 917;      96
 918;      88
 919;      98
 920;      97
 921;     118
 922;     112
 923;     116
 924;     102
 925;     138
 926;     135
 927;     149
 928;     144
 929;     166
 930;     160
 931;     184
 932;     185
 933;     182
 934;     181
 935;     203
 936;     175
 937;     201
 938;     202
 939;     194
 940;     221
 941;     212
 942;     214
 943;     210
 944;     219
 945;     221
 946;     210
 947;     210
 948;     200
 949;     169
 950;     197
 951;     190
 952;     177
 953;     212
 954;     191
 955;     169
 956;     180
 957;     163
 958;     166
 959;     166
 960;     131
 961;     146
 962;     129
 963;     122
 964;     133
 965;     124
 966;      92
 967;      99
 968;     117
 969;      99
 970;     111
 971;      89
 972;      83
 973;     101
 974;     120
 975;     117
 976;      84
 977;      81
 978;      90
 979;      97
 980;      83
 981;      82
 982;      65
 983;      70
 984;      68
 985;      73
 986;      48
 987;      62
 988;      55
 989;      64
 990;      63
 991;      79
 992;      69
 993;      78
 994;     100
 995;     103
 996;     108
 997;     126
 998;     117
 999;     145
1000;     146
1001;     173
1002;     179
1003;     166
1004;     194
1005;     194
1006;     181
1007;     184
1008;     192
1009;     164
1010;     158
1011;     163
1012;     125
1013;     113
1014;      99
1015;      83
1016;      77
1017;      54
1018;      47
1019;      55
1020;      44
1021;      47
1022;      52
1023;      33
1024;      44
1025;      40
1026;      52
1027;      46
1028;      48
1029;      47
1030;      48
1031;      54
1032;      60
1033;      51
1034;      56
1035;      54
1036;      58
1037;      45
1038;      61
1039;      55
1040;      64
1041;      56
1042;      60
1043;      75
1044;      65
1045;      73
1046;      89
1047;     108
1048;      92
1049;      84
1050;      89
1051;     109
1052;     110
1053;     109
1054;     124
1055;     124
1056;     109
1057;      99
1058;     117
1059;     105
1060;     115
1061;      72
1062;      81
1063;      77
1064;      68
1065;      68
1066;      63
1067;      46
1068;      57
1069;      59
1070;      47
1071;      63
1072;      52
1073;      51
1074;      42
1075;      45
1076;      55
1077;      66
1078;      39
1079;      44
1080;      46
1081;      37
1082;      43
1083;      50
1084;      41
1085;      34
1086;      45
1087;      35
1088;      40
1089;      44
1090;      32
1091;      36
1092;      29
1093;      25
1094;      33
1095;      33
1096;      35
1097;      40
1098;      38
1099;      44
1100;      45
1101;      34
1102;      33
1103;      32
1104;      29
1105;      36
1106;      30
1107;      42
1108;      30
1109;      36
1110;      38
1111;      37
1112;      35
1113;      33
1114;      32
1115;      25
1116;      33
1117;      35
1118;      36
1119;      26
1120;      43
1121;      30
1122;      24
1123;      28
1124;      27
1125;      31
1126;      53
1127;      48
1128;      50
1129;      45
1130;      62
1131;      42
1132;      36
1133;      48
1134;      45
1135;      43
1136;      50
1137;      46
1138;      42
1139;      40
1140;      35
1141;      25
1142;      36
1143;      33
1144;      37
1145;      21
1146;      25
1147;      23
1148;      38
1149;      36
1150;      28
1151;      26
1152;      25
1153;      24
1154;      21
1155;      39
1156;      30
1157;      24
1158;      40
1159;      28
1160;      16
1161;      29
1162;      30
1163;      24
1164;      23
1165;      34
1166;      27
1167;      17
1168;      36
1169;      18
1170;      23
1171;      33
1172;      13
1173;      34
1174;      26
1175;      40
1176;      24
1177;      26
1178;      22
1179;      30
1180;      27
1181;      37
1182;      34
1183;      26
1184;      28
1185;      30
1186;      36
1187;      33
1188;      32
1189;      31
1190;      35
1191;      41
1192;      27
1193;      35
1194;      20
1195;      29
1196;      26
1197;      29
1198;      32
1199;      23
1200;      32
1201;      28
1202;      16
1203;      20
1204;      31
1205;      23
1206;      24
1207;      22
1208;      24
1209;      20
1210;      31
1211;      19
1212;      23
1213;      23
1214;      22
1215;      29
1216;      14
1217;      25
1218;      13
1219;      22
1220;      19
1221;      24
1222;      23
1223;      26
1224;      24
1225;      17
1226;      23
1227;      22
1228;      19
1229;      19
1230;      15
1231;      15
1232;      27
1233;      24
1234;      25
1235;      20
1236;      20
1237;      17
1238;      24
1239;      23
1240;      23
1241;      23
1242;      14
1243;      19
1244;      33
1245;      18
1246;      19
1247;      25
1248;      35
1249;      19
1250;      17
1251;      24
1252;      18
1253;      22
1254;      23
1255;      15
1256;      20
1257;      23
1258;      25
1259;      21
1260;      20
1261;      25
1262;      16
1263;      21
1264;      24
1265;      15
1266;      17
1267;      19
1268;      20
1269;      15
1270;      17
1271;      10
1272;      16
1273;      21
1274;      19
1275;      21
1276;      14
1277;      26
1278;      13
1279;      20
1280;      19
1281;      12
1282;      22
1283;      21
1284;      25
1285;      19
1286;      23
1287;      19
1288;      16
1289;      16
1290;      21
1291;      20
1292;      10
1293;      15
1294;      15
1295;      26
1296;      21
1297;      22
1298;      17
1299;       7
1300;      24
1301;      17
1302;      17
1303;      15
1304;      20
1305;      17
1306;      16
1307;      23
1308;      19
1309;      12
1310;      14
1311;      19
1312;      19
1313;      15
1314;       8
1315;      22
1316;      29
1317;      16
1318;      18
1319;      16
1320;       7
1321;      17
1322;      13
1323;      16
1324;      27
1325;      20
1326;      12
1327;      11
1328;      19
1329;      18
1330;      19
1331;      13
1332;      10
1333;      22
1334;      13
1335;      12
1336;      24
1337;      17
1338;      15
1339;       8
1340;      11
1341;      15
1342;      14
1343;      19
1344;      13
1345;      17
1346;      18
1347;      10
1348;      17
1349;      13
1350;      15
1351;      14
1352;      16
1353;      17
1354;      15
1355;      13
1356;      16
1357;      18
1358;      16
1359;      16
1360;      16
1361;       9
1362;      19
1363;      15
1364;      11
1365;      10
1366;       8
1367;      13
1368;      12
1369;      18
1370;      10
1371;      13
1372;       9
1373;      15
1374;       7
1375;       7
1376;      13
1377;      18
1378;      13
1379;      12
1380;      12
1381;       9
1382;      20
1383;      10
1384;      19
1385;      14
1386;      19
1387;       9
1388;      12
1389;      10
1390;      13
1391;      14
1392;       9
1393;      14
1394;       6
1395;      13
1396;       8
1397;      15
1398;       8
1399;      15
1400;      17
1401;       9
1402;      12
1403;      16
1404;       5
1405;      10
1406;       9
1407;       7
1408;      14
1409;      17
1410;      19
1411;      12
1412;      16
1413;      18
1414;       8
1415;      19
1416;      10
1417;       9
1418;      11
1419;       6
1420;       7
1421;      11
1422;       9
1423;      16
1424;      15
1425;      10
1426;      16
1427;      13
1428;       9
1429;      11
1430;      12
1431;      16
1432;       9
1433;       9
1434;       6
1435;      10
1436;       5
1437;      12
1438;      18
1439;      14
1440;       6
1441;      12
1442;      11
1443;      16
1444;      14
1445;       9
1446;       9
1447;      13
1448;      14
1449;       8
1450;      11
1451;      13
1452;       6
1453;      10
1454;      10
1455;       7
1456;      10
1457;       9
1458;      10
1459;      10
1460;      15
1461;      10
1462;       7
1463;      10
1464;       8
1465;      11
1466;       9
1467;       6
1468;       6
1469;       5
1470;      11
1471;       9
1472;      10
1473;      14
1474;      17
1475;       9
1476;       9
1477;      12
1478;       9
1479;      12
1480;      13
1481;       6
1482;       8
1483;      11
1484;       9
1485;      11
1486;      12
1487;      11
1488;       8
1489;       7
1490;      10
1491;      11
1492;      12
1493;      10
1494;       7
1495;       8
1496;       7
1497;      12
1498;      12
1499;       7
1500;       9
1501;      12
1502;      13
1503;      14
1504;      11
1505;      14
1506;       8
1507;       6
1508;      12
1509;       9
1510;       8
1511;       9
1512;      13
1513;      10
1514;       4
1515;      13
1516;       9
1517;      12
1518;       6
1519;      11
1520;       8
1521;      10
1522;       8
1523;       7
1524;       8
1525;       9
1526;      10
1527;      11
1528;       9
1529;       3
1530;       6
1531;       9
1532;       7
1533;      11
1534;       4
1535;       9
1536;       6
1537;       5
1538;       8
1539;       7
1540;       5
1541;       8
1542;       8
1543;      10
1544;      15
1545;       7
1546;       8
1547;       5
1548;       3
1549;       4
1550;       4
1551;       7
1552;       4
1553;      13
1554;       4
1555;       5
1556;       7
1557;       7
1558;      14
1559;       9
1560;       7
1561;       6
1562;       7
1563;       6
1564;       5
1565;       7
1566;       4
1567;       7
1568;       8
1569;      10
1570;      14
1571;       3
1572;      13
1573;       9
1574;      10
1575;       9
1576;      14
1577;      15
1578;      16
1579;      13
1580;      21
1581;      17
1582;      26
1583;      13
1584;      25
1585;      22
1586;      21
1587;      17
1588;      19
1589;      22
1590;      14
1591;      15
1592;      13
1593;      18
1594;      20
1595;      21
1596;      26
1597;      24
1598;      25
1599;      22
1600;      26
1601;      46
1602;      39
1603;      26
1604;      36
1605;      29
1606;      32
1607;      30
1608;      32
1609;      25
1610;      24
1611;      21
1612;      21
1613;      13
1614;      10
1615;      10
1616;      10
1617;       8
1618;       8
1619;       3
1620;       5
1621;       6
1622;       4
1623;       7
1624;       4
1625;      10
1626;       3
1627;       4
1628;       3
1629;       6
1630;       3
1631;       3
1632;       5
1633;       2
1634;       5
1635;       1
1636;       1
1637;       5
1638;       4
1639;       1
1640;       1
1641;       6
1642;       4
1643;       3
1644;       8
1645;       3
1646;       1
1647;       4
1648;       5
1649;       0
1650;       7
1651;       0
1652;       4
1653;       6
1654;       0
1655;       4
1656;       5
1657;       3
1658;       0
1659;       5
1660;       2
1661;       6
1662;       6
1663;       3
1664;       5
1665;       3
1666;       1
1667;       3
1668;       4
1669;       6
1670;       2
1671;       1
1672;       5
1673;       3
1674;       6
1675;       3
1676;       4
1677;       5
1678;       1
1679;       2
1680;       1
1681;       3
1682;       6
1683;       2
1684;       3
1685;       4
1686;       2
1687;       3
1688;       3
1689;       1
1690;       7
1691;       3
1692;       3
1693;       5
1694;       0
1695;       5
1696;       2
1697;       3
1698;       3
1699;       0
1700;       2
1701;       4
1702;       2
1703;       0
1704;       2
1705;       3
1706;       4
1707;       4
1708;       1
1709;       1
1710;       2
1711;       1
1712;       2
1713;       4
1714;       0
1715;       1
1716;       1
1717;       2
1718;       2
1719;       1
1720;       1
1721;       2
1722;       3
1723;       2
1724;       2
1725;       1
1726;       2
1727;       3
1728;       1
1729;       2
1730;       0
1731;       3
1732;       0
1733;       0
1734;       0
1735;       0
1736;       3
1737;       2
1738;       1
1739;       1
1740;       2
1741;       0
1742;       0
1743;       0
1744;       0
1745;       1
1746;       2
1747;       0
1748;       2
1749;       0
1750;       2
1751;       2
1752;       1
1753;       1
1754;       0
1755;       1
1756;       1
1757;       1
1758;       2
1759;       0
1760;       2
1761;       0
1762;       2
1763;       2
1764;       1
1765;       3
1766;       0
1767;       1
1768;       1
1769;       1
1770;       0
1771;       1
1772;       2
1773;       0
1774;       2
1775;       2
1776;       0
1777;       1
1778;       0
1779;       3
1780;       0
1781;       2
1782;       0
1783;       1
1784;       0
1785;       2
1786;       0
1787;       0
1788;       2
1789;       2
1790;       0
1791;       0
1792;       1
1793;       2
1794;       0
1795;       1
1796;       5
1797;       1
1798;       1
1799;       1
1800;       2
1801;       2
1802;       2
1803;       5
1804;       2
1805;       4
1806;       4
1807;       2
1808;       4
1809;       5
1810;       7
1811;       6
1812;       7
1813;      10
1814;       3
1815;       5
1816;       7
1817;       5
1818;       4
1819;       6
1820;       2
1821;       3
1822;       5
1823;       3
1824;       2
1825;       2
1826;       2
1827;       0
1828;       2
1829;       1
1830;       0
1831;       0
1832;       1
1833;       0
1834;       1
1835;       0
1836;       0
1837;       0
1838;       0
1839;       0
1840;       2
1841;       0
1842;       0
1843;       0
1844;       0
1845;       1
1846;       0
1847;       0
1848;       1
1849;       1
1850;       0
1851;       1
1852;       3
1853;       1
1854;       1
1855;       3
1856;       0
1857;       0
1858;       0
1859;       1
1860;       0
1861;       1
1862;       1
1863;       3
1864;       2
1865;       0
1866;       1
1867;       2
1868;       3
1869;       0
1870;       0
1871;       1
1872;       1
1873;       0
1874;       0
1875;       0
1876;       0
1877;       1
1878;       0
1879;       0
1880;       0
1881;       0
1882;       0
1883;       1
1884;       1
1885;       0
1886;       0
1887;       0
1888;       0
1889;       0
1890;       0
1891;       0
1892;       1
1893;       0
1894;       0
1895;       0
1896;       0
1897;       0
1898;       0
1899;       0
1900;       0
1901;       1
1902;       0
1903;       2
1904;       0
1905;       0
1906;       0
1907;       0
1908;       0
1909;       0
1910;       0
1911;       0
1912;       0
1913;       0
1914;       0
1915;       0
1916;       0
1917;       0
1918;       0
1919;       0
1920;       0
1921;       0
1922;       0
1923;       0
1924;       0
1925;       0
1926;       0
1927;       1
1928;       0
1929;       0
1930;       0
1931;       0
1932;       0
1933;       0
1934;       0
1935;       0
1936;       0
1937;       0
1938;       0
1939;       0
1940;       0
1941;       0
1942;       0
1943;       0
1944;       0
1945;       2
1946;       0
1947;       0
1948;       0
1949;       0
1950;       0
1951;       0
1952;       0
1953;       0
1954;       0
1955;       0
1956;       0
1957;       0
1958;       0
1959;       0
1960;       0
1961;       1
1962;       0
1963;       0
1964;       1
1965;       0
1966;       0
1967;       0
1968;       0
1969;       0
1970;       0
1971;       0
1972;       0
1973;       0
1974;       0
1975;       0
1976;       0
1977;       0
1978;       0
1979;       0
1980;       0
1981;       0
1982;       0
1983;       0
1984;       0
1985;       0
1986;       0
1987;       0
1988;       0
1989;       0
1990;       0
1991;       0
1992;       0
1993;       0
1994;       0
1995;       0
1996;       0
1997;       0
1998;       0
1999;       0
2000;       0
2001;       0
2002;       0
2003;       0
2004;       0
2005;       0
2006;       0
2007;       0
2008;       0
2009;       0
2010;       0
2011;       0
2012;       0
2013;       0
2014;       0
2015;       0
2016;       0
2017;       0
2018;       0
2019;       0
2020;       0
2021;       0
2022;       0
2023;       0
2024;       0
2025;       0
2026;       0
2027;       0
2028;       0
2029;       0
2030;       0
2031;       0
2032;       0
2033;       0
2034;       0
2035;       0
2036;       0
2037;       0
2038;       0
2039;       0
2040;       0
2041;       0
2042;       0
2043;       0
2044;       0
2045;       0
2046;       0
2047;       0
