   0;     789
   1;     728
   2;     489
   3;     279
   4;     106
   5;      49
   6;      18
   7;       4
   8;       1
   9;       0
  10;       0
  11;       1
  12;       0
  13;       0
  14;       0
  15;       0
  16;       0
  17;       0
  18;       0
  19;       0
  20;       0
  21;       0
  22;       0
  23;       0
  24;       0
  25;       0
  26;       0
  27;       0
  28;       0
  29;       4
  30;      36
  31;      51
  32;     114
  33;     114
  34;     131
  35;     119
  36;     120
  37;     109
  38;     113
  39;     109
  40;     109
  41;     112
  42;     119
  43;     121
  44;     122
  45;     122
  46;     127
  47;     134
  48;     125
  49;     139
  50;     120
  51;     105
  52;     130
  53;     135
  54;     112
  55;     116
  56;     121
  57;     111
  58;     124
  59;     125
  60;     122
  61;     121
  62;     133
  63;     110
  64;     111
  65;     116
  66;     103
  67;      96
  68;      89
  69;      96
  70;      98
  71;     111
  72;     121
  73;     115
  74;     122
  75;     119
  76;     103
  77;      87
  78;      92
  79;      98
  80;     101
  81;     101
  82;     106
  83;     124
  84;     109
  85;     106
  86;     128
  87;     122
  88;     123
  89;     103
  90;     108
  91;      98
  92;     112
  93;     107
  94;     116
  95;      99
  96;     117
  97;     133
  98;     120
  99;     128
 100;     135
 101;     134
 102;     121
 103;     112
 104;     105
 105;     115
 106;     135
 107;     131
 108;     141
 109;     167
 110;     194
 111;     308
 112;     353
 113;     452
 114;     452
 115;     519
 116;     437
 117;     384
 118;     345
 119;     303
 120;     237
 121;     225
 122;     217
 123;     185
 124;     216
 125;     201
 126;     253
 127;     256
 128;     340
 129;     460
 130;     640
 131;     861
 132;    1168
 133;    1222
 134;    1381
 135;    1385
 136;    1313
 137;    1116
 138;    1020
 139;     979
 140;    1008
 141;    1054
 142;    1106
 143;    1196
 144;    1279
 145;    1396
 146;    1488
 147;    1482
 148;    1462
 149;    1356
 150;    1051
 151;     817
 152;     602
 153;     482
 154;     342
 155;     319
 156;     333
 157;     316
 158;     296
 159;     351
 160;     306
 161;     307
 162;     274
 163;     286
 164;     252
 165;     253
 166;     280
 167;     243
 168;     229
 169;     220
 170;     218
 171;     198
 172;     218
 173;     219
 174;     206
 175;     232
 176;     268
 177;     330
 178;     451
 179;     708
 180;     876
 181;    1236
 182;    1605
 183;    1784
 184;    1901
 185;    1727
 186;    1487
 187;    1182
 188;     853
 189;     568
 190;     438
 191;     364
 192;     275
 193;     353
 194;     382
 195;     435
 196;     500
 197;     563
 198;     624
 199;     615
 200;     583
 201;     560
 202;     500
 203;     463
 204;     372
 205;     337
 206;     293
 207;     284
 208;     272
 209;     296
 210;     271
 211;     311
 212;     368
 213;     406
 214;     505
 215;     727
 216;    1082
 217;    1714
 218;    2691
 219;    3820
 220;    5215
 221;    6652
 222;    7850
 223;    8398
 224;    8036
 225;    7265
 226;    6085
 227;    4511
 228;    3130
 229;    2050
 230;    1322
 231;     948
 232;     620
 233;     621
 234;     723
 235;    1063
 236;    1669
 237;    2274
 238;    3065
 239;    3810
 240;    4389
 241;    4638
 242;    4593
 243;    4241
 244;    3672
 245;    3229
 246;    2638
 247;    2163
 248;    1681
 249;    1280
 250;    1055
 251;     892
 252;     835
 253;     920
 254;    1107
 255;    1254
 256;    1378
 257;    1492
 258;    1396
 259;    1271
 260;    1054
 261;     895
 262;     632
 263;     503
 264;     389
 265;     323
 266;     343
 267;     290
 268;     316
 269;     331
 270;     402
 271;     478
 272;     578
 273;     614
 274;     773
 275;     753
 276;     801
 277;     740
 278;     675
 279;     611
 280;     535
 281;     437
 282;     398
 283;     359
 284;     384
 285;     412
 286;     423
 287;     484
 288;     523
 289;     546
 290;     504
 291;     499
 292;     466
 293;     418
 294;     348
 295;     358
 296;     368
 297;     342
 298;     308
 299;     337
 300;     316
 301;     298
 302;     288
 303;     300
 304;     307
 305;     265
 306;     338
 307;     324
 308;     332
 309;     375
 310;     426
 311;     424
 312;     499
 313;     569
 314;     613
 315;     717
 316;     860
 317;     882
 318;     955
 319;     917
 320;     900
 321;     754
 322;     685
 323;     573
 324;     470
 325;     399
 326;     347
 327;     298
 328;     277
 329;     282
 330;     284
 331;     303
 332;     315
 333;     305
 334;     300
 335;     315
 336;     350
 337;     315
 338;     361
 339;     389
 340;     407
 341;     384
 342;     439
 343;     436
 344;     471
 345;     445
 346;     433
 347;     412
 348;     439
 349;     444
 350;     413
 351;     435
 352;     417
 353;     428
 354;     407
 355;     415
 356;     438
 357;     436
 358;     456
 359;     500
 360;     515
 361;     607
 362;     603
 363;     705
 364;     677
 365;     722
 366;     800
 367;     908
 368;     955
 369;     986
 370;    1063
 371;    1131
 372;    1127
 373;    1144
 374;     957
 375;     889
 376;     760
 377;     627
 378;     477
 379;     403
 380;     370
 381;     319
 382;     294
 383;     288
 384;     261
 385;     260
 386;     241
 387;     267
 388;     290
 389;     273
 390;     298
 391;     301
 392;     306
 393;     294
 394;     296
 395;     335
 396;     305
 397;     347
 398;     332
 399;     363
 400;     366
 401;     397
 402;     338
 403;     420
 404;     405
 405;     384
 406;     373
 407;     399
 408;     375
 409;     475
 410;     456
 411;     426
 412;     446
 413;     427
 414;     444
 415;     470
 416;     458
 417;     518
 418;     558
 419;     787
 420;    1243
 421;    1954
 422;    3072
 423;    4856
 424;    7316
 425;   10802
 426;   14671
 427;   18762
 428;   22460
 429;   25068
 430;   26419
 431;   25124
 432;   22793
 433;   19274
 434;   15108
 435;   11102
 436;    7611
 437;    5119
 438;    3158
 439;    1861
 440;    1095
 441;     664
 442;     457
 443;     360
 444;     298
 445;     272
 446;     237
 447;     226
 448;     287
 449;     250
 450;     258
 451;     245
 452;     253
 453;     227
 454;     250
 455;     277
 456;     240
 457;     257
 458;     250
 459;     271
 460;     288
 461;     299
 462;     283
 463;     305
 464;     315
 465;     357
 466;     393
 467;     483
 468;     590
 469;     781
 470;    1154
 471;    1603
 472;    2046
 473;    2679
 474;    3185
 475;    3874
 476;    4120
 477;    4318
 478;    4115
 479;    3566
 480;    3166
 481;    2455
 482;    1868
 483;    1336
 484;    1010
 485;     672
 486;     480
 487;     317
 488;     238
 489;     218
 490;     192
 491;     152
 492;     157
 493;     146
 494;     154
 495;     182
 496;     161
 497;     146
 498;     159
 499;     175
 500;     148
 501;     170
 502;     148
 503;     164
 504;     148
 505;     150
 506;     152
 507;     184
 508;     160
 509;     152
 510;     167
 511;     155
 512;     144
 513;     166
 514;     157
 515;     164
 516;     155
 517;     185
 518;     189
 519;     177
 520;     192
 521;     180
 522;     161
 523;     212
 524;     171
 525;     177
 526;     184
 527;     171
 528;     156
 529;     179
 530;     176
 531;     164
 532;     184
 533;     168
 534;     156
 535;     138
 536;     177
 537;     143
 538;     146
 539;     143
 540;     151
 541;     176
 542;     151
 543;     137
 544;     149
 545;     150
 546;     160
 547;     132
 548;     150
 549;     168
 550;     150
 551;     148
 552;     137
 553;     152
 554;     155
 555;     159
 556;     146
 557;     156
 558;     125
 559;     171
 560;     141
 561;     152
 562;     131
 563;     151
 564;     137
 565;     142
 566;     155
 567;     149
 568;     132
 569;     152
 570;     153
 571;     150
 572;     148
 573;     148
 574;     142
 575;     134
 576;     149
 577;     127
 578;     154
 579;     162
 580;     153
 581;     147
 582;     140
 583;     148
 584;     142
 585;     138
 586;     163
 587;     146
 588;     145
 589;     123
 590;     168
 591;     139
 592;     142
 593;     143
 594;     136
 595;     150
 596;     139
 597;     114
 598;     150
 599;     139
 600;     137
 601;     141
 602;     146
 603;     129
 604;     142
 605;     156
 606;     117
 607;     134
 608;     136
 609;     133
 610;     122
 611;     142
 612;     131
 613;     137
 614;     135
 615;     142
 616;     125
 617;     149
 618;     124
 619;     125
 620;     136
 621;     144
 622;     128
 623;     139
 624;     151
 625;     138
 626;     142
 627;     148
 628;     149
 629;     157
 630;     154
 631;     146
 632;     121
 633;     136
 634;     131
 635;     116
 636;     129
 637;     131
 638;     129
 639;     130
 640;     116
 641;     155
 642;     102
 643;     127
 644;     122
 645;     129
 646;     133
 647;     117
 648;     131
 649;     117
 650;     138
 651;     126
 652;     134
 653;     115
 654;     108
 655;     108
 656;     123
 657;     140
 658;     128
 659;     129
 660;     138
 661;     129
 662;     107
 663;     122
 664;     113
 665;     127
 666;     115
 667;     114
 668;     108
 669;     126
 670;     105
 671;     112
 672;     125
 673;     128
 674;     135
 675;     139
 676;      98
 677;     146
 678;     118
 679;     120
 680;     120
 681;     111
 682;     114
 683;     126
 684;     111
 685;     106
 686;     136
 687;      84
 688;      93
 689;     120
 690;     113
 691;     114
 692;     125
 693;     111
 694;     128
 695;     152
 696;     147
 697;     166
 698;     194
 699;     196
 700;     240
 701;     276
 702;     293
 703;     293
 704;     310
 705;     327
 706;     308
 707;     268
 708;     275
 709;     234
 710;     238
 711;     162
 712;     184
 713;     156
 714;     135
 715;     119
 716;     126
 717;      97
 718;     115
 719;      92
 720;     104
 721;     102
 722;      94
 723;      89
 724;      78
 725;      99
 726;      91
 727;     112
 728;      99
 729;      90
 730;      95
 731;      87
 732;     105
 733;      96
 734;      92
 735;      94
 736;      99
 737;      92
 738;      92
 739;      85
 740;      93
 741;      88
 742;     114
 743;      95
 744;     103
 745;     102
 746;     110
 747;     103
 748;      89
 749;     111
 750;      88
 751;      86
 752;     101
 753;     113
 754;      88
 755;      92
 756;      97
 757;      93
 758;     103
 759;      85
 760;      78
 761;      81
 762;      88
 763;      88
 764;      90
 765;     106
 766;      89
 767;      97
 768;      87
 769;     105
 770;      86
 771;      99
 772;      91
 773;      98
 774;      94
 775;      76
 776;      97
 777;      99
 778;      97
 779;     101
 780;     105
 781;     116
 782;      92
 783;      95
 784;      97
 785;     118
 786;     124
 787;     101
 788;     127
 789;      92
 790;     130
 791;     126
 792;      93
 793;     104
 794;      98
 795;     106
 796;      96
 797;      95
 798;      78
 799;      83
 800;      90
 801;      92
 802;      79
 803;      86
 804;      73
 805;      85
 806;      88
 807;      97
 808;      75
 809;      71
 810;      99
 811;     102
 812;      79
 813;      87
 814;      78
 815;      92
 816;      90
 817;      80
 818;      84
 819;      92
 820;      89
 821;      88
 822;      94
 823;     100
 824;      86
 825;      89
 826;      83
 827;      84
 828;      90
 829;      83
 830;      93
 831;      84
 832;      85
 833;      98
 834;      88
 835;      75
 836;      77
 837;      69
 838;      87
 839;      84
 840;      88
 841;      94
 842;      85
 843;      82
 844;      81
 845;      70
 846;      70
 847;      87
 848;      76
 849;      80
 850;      81
 851;      66
 852;      63
 853;      82
 854;      83
 855;      96
 856;      83
 857;      90
 858;      89
 859;     136
 860;     128
 861;     117
 862;     122
 863;     137
 864;     148
 865;     155
 866;     178
 867;     177
 868;     166
 869;     167
 870;     190
 871;     165
 872;     193
 873;     175
 874;     135
 875;     145
 876;     114
 877;     122
 878;      90
 879;     113
 880;     114
 881;      79
 882;      90
 883;      81
 884;      89
 885;      84
 886;      72
 887;      86
 888;      67
 889;      70
 890;      85
 891;      74
 892;      73
 893;      73
 894;      74
 895;      78
 896;      66
 897;      91
 898;      76
 899;      91
 900;      93
 901;      78
 902;     100
 903;      78
 904;      87
 905;      78
 906;     100
 907;     103
 908;      96
 909;     101
 910;      94
 911;      89
 912;      98
 913;      91
 914;     107
 915;     112
 916;     117
 917;     108
 918;     137
 919;     114
 920;     143
 921;     126
 922;     117
 923;     131
 924;     155
 925;     153
 926;     142
 927;     147
 928;     163
 929;     143
 930;     165
 931;     205
 932;     201
 933;     189
 934;     170
 935;     198
 936;     217
 937;     239
 938;     239
 939;     201
 940;     208
 941;     207
 942;     211
 943;     234
 944;     224
 945;     237
 946;     252
 947;     195
 948;     242
 949;     224
 950;     174
 951;     192
 952;     220
 953;     201
 954;     203
 955;     175
 956;     175
 957;     170
 958;     195
 959;     182
 960;     167
 961;     144
 962;     158
 963;     143
 964;     136
 965;     130
 966;     110
 967;     101
 968;     110
 969;     115
 970;     116
 971;     113
 972;     105
 973;     103
 974;     110
 975;      97
 976;     102
 977;     107
 978;     106
 979;     122
 980;      91
 981;      75
 982;      85
 983;      86
 984;      78
 985;      79
 986;      86
 987;      71
 988;      80
 989;      91
 990;      90
 991;     103
 992;      97
 993;     103
 994;     130
 995;     111
 996;     155
 997;     176
 998;     161
 999;     188
1000;     189
1001;     229
1002;     234
1003;     275
1004;     257
1005;     262
1006;     241
1007;     253
1008;     222
1009;     230
1010;     202
1011;     190
1012;     168
1013;     156
1014;     114
1015;     115
1016;     100
1017;      75
1018;      93
1019;      72
1020;      54
1021;      62
1022;      64
1023;      62
1024;      61
1025;      57
1026;      66
1027;      72
1028;      72
1029;      71
1030;      49
1031;      48
1032;      73
1033;      84
1034;      60
1035;      72
1036;      74
1037;      64
1038;      73
1039;      88
1040;      84
1041;      86
1042;      96
1043;      90
1044;     108
1045;     118
1046;     146
1047;     139
1048;     132
1049;     139
1050;     151
1051;     168
1052;     167
1053;     151
1054;     175
1055;     162
1056;     183
1057;     143
1058;     129
1059;     135
1060;     104
1061;     106
1062;      89
1063;      93
1064;      87
1065;      64
1066;      68
1067;      75
1068;      74
1069;      77
1070;      65
1071;      52
1072;      66
1073;      58
1074;      62
1075;      46
1076;      45
1077;      63
1078;      56
1079;      54
1080;      70
1081;      58
1082;      64
1083;      63
1084;      41
1085;      52
1086;      53
1087;      65
1088;      51
1089;      49
1090;      57
1091;      58
1092;      37
1093;      48
1094;      50
1095;      61
1096;      46
1097;      54
1098;      50
1099;      52
1100;      44
1101;      43
1102;      55
1103;      50
1104;      54
1105;      49
1106;      43
1107;      37
1108;      55
1109;      32
1110;      37
1111;      47
1112;      43
1113;      42
1114;      38
1115;      40
1116;      41
1117;      45
1118;      36
1119;      45
1120;      47
1121;      51
1122;      51
1123;      55
1124;      49
1125;      54
1126;      51
1127;      67
1128;      52
1129;      60
1130;      59
1131;      87
1132;      64
1133;      81
1134;      58
1135;      66
1136;      65
1137;      57
1138;      61
1139;      60
1140;      55
1141;      49
1142;      47
1143;      56
1144;      55
1145;      48
1146;      37
1147;      36
1148;      43
1149;      40
1150;      42
1151;      41
1152;      35
1153;      31
1154;      54
1155;      48
1156;      27
1157;      45
1158;      40
1159;      52
1160;      27
1161;      33
1162;      47
1163;      34
1164;      44
1165;      42
1166;      38
1167;      47
1168;      48
1169;      42
1170;      33
1171;      34
1172;      46
1173;      29
1174;      29
1175;      41
1176;      39
1177;      31
1178;      43
1179;      46
1180;      39
1181;      36
1182;      51
1183;      37
1184;      44
1185;      45
1186;      55
1187;      51
1188;      57
1189;      41
1190;      62
1191;      43
1192;      38
1193;      42
1194;      40
1195;      40
1196;      32
1197;      28
1198;      34
1199;      38
1200;      40
1201;      44
1202;      36
1203;      39
1204;      44
1205;      46
1206;      37
1207;      29
1208;      43
1209;      39
1210;      36
1211;      45
1212;      31
1213;      46
1214;      34
1215;      31
1216;      34
1217;      30
1218;      35
1219;      36
1220;      32
1221;      32
1222;      40
1223;      39
1224;      33
1225;      30
1226;      34
1227;      25
1228;      37
1229;      36
1230;      30
1231;      32
1232;      28
1233;      36
1234;      31
1235;      31
1236;      20
1237;      38
1238;      33
1239;      23
1240;      26
1241;      32
1242;      43
1243;      17
1244;      33
1245;      34
1246;      36
1247;      29
1248;      30
1249;      40
1250;      32
1251;      36
1252;      40
1253;      35
1254;      28
1255;      33
1256;      25
1257;      34
1258;      30
1259;      31
1260;      34
1261;      36
1262;      31
1263;      26
1264;      35
1265;      33
1266;      28
1267;      34
1268;      35
1269;      26
1270;      28
1271;      33
1272;      27
1273;      26
1274;      20
1275;      27
1276;      32
1277;      33
1278;      27
1279;      32
1280;      32
1281;      33
1282;      29
1283;      36
1284;      34
1285;      25
1286;      22
1287;      21
1288;      26
1289;      21
1290;      35
1291;      30
1292;      31
1293;      24
1294;      37
1295;      35
1296;      23
1297;      32
1298;      33
1299;      26
1300;      26
1301;      32
1302;      32
1303;      31
1304;      20
1305;      26
1306;      34
1307;      30
1308;      21
1309;      37
1310;      19
1311;      25
1312;      30
1313;      35
1314;      37
1315;      29
1316;      27
1317;      29
1318;      32
1319;      28
1320;      27
1321;      23
1322;      24
1323;      26
1324;      26
1325;      33
1326;      21
1327;      21
1328;      29
1329;      28
1330;      25
1331;      28
1332;      21
1333;      29
1334;      29
1335;      27
1336;      21
1337;      20
1338;      23
1339;      30
1340;      24
1341;      23
1342;      35
1343;      24
1344;      24
1345;      30
1346;      19
1347;      21
1348;      18
1349;      26
1350;      17
1351;      24
1352;      23
1353;      24
1354;      18
1355;      25
1356;      20
1357;      21
1358;      30
1359;      21
1360;      24
1361;      17
1362;      27
1363;      26
1364;      28
1365;      29
1366;      22
1367;      31
1368;      20
1369;      18
1370;      13
1371;      28
1372;      21
1373;      29
1374;      31
1375;      22
1376;      28
1377;      19
1378;      15
1379;      25
1380;      21
1381;      25
1382;      18
1383;      19
1384;      30
1385;      21
1386;      20
1387;      24
1388;      24
1389;      25
1390;      20
1391;      24
1392;      29
1393;      22
1394;      16
1395;      23
1396;      21
1397;      13
1398;      19
1399;      20
1400;      27
1401;      19
1402;      21
1403;      32
1404;      20
1405;      15
1406;      32
1407;      25
1408;      13
1409;      24
1410;      13
1411;      20
1412;      27
1413;      13
1414;      20
1415;      25
1416;      15
1417;      31
1418;      25
1419;      20
1420;      30
1421;      20
1422;      20
1423;      27
1424;      18
1425;      26
1426;      29
1427;      28
1428;      23
1429;      20
1430;      28
1431;      27
1432;      20
1433;      14
1434;      17
1435;      15
1436;      19
1437;      16
1438;      28
1439;      15
1440;      19
1441;      23
1442;      16
1443;      20
1444;      17
1445;      19
1446;      26
1447;      19
1448;      10
1449;      23
1450;      29
1451;      13
1452;      23
1453;      29
1454;      24
1455;      15
1456;      17
1457;      21
1458;      27
1459;      17
1460;      15
1461;      24
1462;      21
1463;      24
1464;      20
1465;      21
1466;      22
1467;      24
1468;      21
1469;      23
1470;      16
1471;      16
1472;      17
1473;      18
1474;      16
1475;      20
1476;      26
1477;      33
1478;      22
1479;      21
1480;      19
1481;      16
1482;      13
1483;      16
1484;      21
1485;      20
1486;      23
1487;      25
1488;      23
1489;      19
1490;      17
1491;      20
1492;      19
1493;      16
1494;      17
1495;      17
1496;      12
1497;      20
1498;      17
1499;      23
1500;       8
1501;      13
1502;      22
1503;       9
1504;      23
1505;      22
1506;      12
1507;      18
1508;      10
1509;      14
1510;      24
1511;      16
1512;      13
1513;      13
1514;      14
1515;      19
1516;      24
1517;      20
1518;      16
1519;      14
1520;      23
1521;      17
1522;      23
1523;      14
1524;      14
1525;      10
1526;       9
1527;      21
1528;      12
1529;      13
1530;      17
1531;      14
1532;      19
1533;      23
1534;      17
1535;      19
1536;       9
1537;      18
1538;       9
1539;      22
1540;      16
1541;      16
1542;      16
1543;      19
1544;      14
1545;      18
1546;      12
1547;      16
1548;      10
1549;       9
1550;      12
1551;      18
1552;      16
1553;      20
1554;       9
1555;      21
1556;      17
1557;      12
1558;      17
1559;      16
1560;      13
1561;      13
1562;      12
1563;      12
1564;      17
1565;       8
1566;      13
1567;       9
1568;      12
1569;      14
1570;      16
1571;      12
1572;      21
1573;      14
1574;      25
1575;      22
1576;      41
1577;      34
1578;      32
1579;      30
1580;      45
1581;      55
1582;      54
1583;      49
1584;      68
1585;      64
1586;      56
1587;      66
1588;      65
1589;      57
1590;      65
1591;      62
1592;      44
1593;      43
1594;      53
1595;      60
1596;      77
1597;      63
1598;      73
1599;      68
1600;      99
1601;      86
1602;     106
1603;      90
1604;      99
1605;     102
1606;      92
1607;      99
1608;      90
1609;      73
1610;      62
1611;      43
1612;      54
1613;      31
1614;      43
1615;      31
1616;      23
1617;      24
1618;      11
1619;      13
1620;      20
1621;      10
1622;      11
1623;      14
1624;      11
1625;       8
1626;      13
1627;      12
1628;      12
1629;      10
1630;       7
1631;      10
1632;       7
1633;       8
1634;      13
1635;       7
1636;      10
1637;      11
1638;      10
1639;      10
1640;       7
1641;      13
1642;       3
1643;       6
1644;       5
1645;       7
1646;       7
1647;       6
1648;       7
1649;       7
1650;       9
1651;       6
1652;       2
1653;       7
1654;       9
1655;       3
1656;       6
1657;       6
1658;       6
1659;       8
1660;       3
1661;       6
1662;       4
1663;       6
1664;       6
1665;       4
1666;       2
1667;       7
1668;       9
1669;       9
1670;       6
1671;       8
1672;       8
1673;       6
1674;       3
1675;       3
1676;       2
1677;       4
1678;       3
1679;       6
1680;       6
1681;       3
1682;       6
1683;       6
1684;       4
1685;       2
1686;       3
1687;       3
1688;       5
1689;       7
1690;       3
1691;       7
1692;       6
1693;       8
1694;       2
1695;       4
1696;       4
1697;       3
1698;       4
1699;       8
1700;       4
1701;       4
1702;       3
1703;       5
1704;       2
1705;       3
1706;       3
1707;       2
1708;       0
1709;       7
1710;       1
1711;       3
1712;       5
1713;       4
1714;       3
1715;       4
1716;       3
1717;       2
1718;       3
1719;       2
1720;       1
1721;       3
1722;       2
1723;       5
1724;       1
1725;       4
1726;       6
1727;       1
1728;       3
1729;       2
1730;       4
1731;       1
1732;       2
1733;       5
1734;       1
1735;       2
1736;       1
1737;       3
1738;       1
1739;       1
1740;       1
1741;       1
1742;       1
1743;       1
1744;       4
1745;       0
1746;       2
1747;       4
1748;       4
1749;       1
1750;       0
1751;       2
1752;       1
1753;       2
1754;       0
1755;       0
1756;       1
1757;       3
1758;       1
1759;       2
1760;       1
1761;       1
1762;       1
1763;       1
1764;       1
1765;       0
1766;       2
1767;       1
1768;       0
1769;       0
1770;       2
1771;       1
1772;       1
1773;       1
1774;       1
1775;       2
1776;       3
1777;       0
1778;       2
1779;       1
1780;       3
1781;       2
1782;       1
1783;       0
1784;       2
1785;       2
1786;       5
1787;       1
1788;       0
1789;       1
1790;       0
1791;       0
1792;       0
1793;       0
1794;       3
1795;       3
1796;       5
1797;       2
1798;       3
1799;       5
1800;       4
1801;       7
1802;       6
1803;       8
1804;      15
1805;      11
1806;      13
1807;      16
1808;      19
1809;      11
1810;      14
1811;      11
1812;      14
1813;      15
1814;      17
1815;      18
1816;      12
1817;       8
1818;      11
1819;       9
1820;       5
1821;       8
1822;      10
1823;       4
1824;       1
1825;       2
1826;       1
1827;       1
1828;       4
1829;       1
1830;       2
1831;       1
1832;       3
1833;       1
1834;       0
1835;       0
1836;       0
1837;       0
1838;       0
1839;       2
1840;       2
1841;       1
1842;       2
1843;       2
1844;       1
1845;       0
1846;       3
1847;       0
1848;       2
1849;       2
1850;       3
1851;       3
1852;       2
1853;       4
1854;       5
1855;       3
1856;       4
1857;       7
1858;       4
1859;       4
1860;       0
1861;       4
1862;       3
1863;       2
1864;       2
1865;       2
1866;       2
1867;       2
1868;       0
1869;       2
1870;       1
1871;       0
1872;       0
1873;       2
1874;       1
1875;       0
1876;       1
1877;       0
1878;       0
1879;       1
1880;       0
1881;       0
1882;       0
1883;       1
1884;       0
1885;       0
1886;       0
1887;       0
1888;       0
1889;       1
1890;       0
1891;       0
1892;       0
1893;       0
1894;       2
1895;       1
1896;       0
1897;       1
1898;       0
1899;       0
1900;       0
1901;       0
1902;       0
1903;       0
1904;       0
1905;       0
1906;       0
1907;       0
1908;       1
1909;       0
1910;       0
1911;       0
1912;       0
1913;       0
1914;       0
1915;       0
1916;       0
1917;       0
1918;       0
1919;       0
1920;       0
1921;       1
1922;       0
1923;       0
1924;       2
1925;       0
1926;       0
1927;       1
1928;       0
1929;       0
1930;       0
1931;       0
1932;       0
1933;       0
1934;       1
1935;       0
1936;       0
1937;       0
1938;       0
1939;       0
1940;       1
1941;       0
1942;       0
1943;       0
1944;       0
1945;       0
1946;       0
1947;       0
1948;       0
1949;       0
1950;       1
1951;       0
1952;       0
1953;       0
1954;       0
1955;       0
1956;       1
1957;       0
1958;       0
1959;       0
1960;       0
1961;       0
1962;       0
1963;       0
1964;       0
1965;       1
1966;       0
1967;       0
1968;       0
1969;       1
1970;       0
1971;       0
1972;       0
1973;       0
1974;       0
1975;       0
1976;       0
1977;       0
1978;       0
1979;       0
1980;       0
1981;       0
1982;       0
1983;       0
1984;       0
1985;       1
1986;       0
1987;       0
1988;       0
1989;       0
1990;       0
1991;       0
1992;       0
1993;       0
1994;       0
1995;       0
1996;       0
1997;       0
1998;       0
1999;       0
2000;       0
2001;       0
2002;       0
2003;       0
2004;       0
2005;       0
2006;       0
2007;       0
2008;       0
2009;       0
2010;       0
2011;       0
2012;       0
2013;       0
2014;       0
2015;       0
2016;       0
2017;       1
2018;       0
2019;       0
2020;       0
2021;       0
2022;       0
2023;       0
2024;       0
2025;       0
2026;       0
2027;       0
2028;       1
2029;       0
2030;       0
2031;       0
2032;       0
2033;       0
2034;       0
2035;       0
2036;       0
2037;       0
2038;       0
2039;       1
2040;       0
2041;       0
2042;       0
2043;       0
2044;       0
2045;       2
2046;       0
2047;       0
