   0;     866
   1;     721
   2;     491
   3;     241
   4;     107
   5;      49
   6;      12
   7;       1
   8;       0
   9;       2
  10;       0
  11;       0
  12;       0
  13;       0
  14;       0
  15;       0
  16;       0
  17;       0
  18;       0
  19;       1
  20;       0
  21;       0
  22;       0
  23;       0
  24;       0
  25;       0
  26;       0
  27;       1
  28;       0
  29;       5
  30;      34
  31;      74
  32;     125
  33;     148
  34;     151
  35;     148
  36;     141
  37;     146
  38;     155
  39;     165
  40;     119
  41;     122
  42;     154
  43;     140
  44;     135
  45;     148
  46;     159
  47;     164
  48;     147
  49;     132
  50;     107
  51;     135
  52;     154
  53;     173
  54;     130
  55;     140
  56;     147
  57;     152
  58;     116
  59;     149
  60;     134
  61;     135
  62;     137
  63;     130
  64;     139
  65;     138
  66;     122
  67;     112
  68;     136
  69;     114
  70;     109
  71;     137
  72;     142
  73;     124
  74;     128
  75;     140
  76;     124
  77;     133
  78;     109
  79;     107
  80;     114
  81;     117
  82;     117
  83;     140
  84;     135
  85;     164
  86;     182
  87;     153
  88;     170
  89;     139
  90;     161
  91;     113
  92;     145
  93;     171
  94;     164
  95;     217
  96;     180
  97;     221
  98;     227
  99;     207
 100;     206
 101;     147
 102;     147
 103;     134
 104;     134
 105;     140
 106;     133
 107;     143
 108;     156
 109;     180
 110;     234
 111;     307
 112;     370
 113;     516
 114;     628
 115;     606
 116;     622
 117;     627
 118;     554
 119;     503
 120;     425
 121;     330
 122;     367
 123;     317
 124;     309
 125;     259
 126;     275
 127;     343
 128;     374
 129;     534
 130;     725
 131;     921
 132;    1133
 133;    1353
 134;    1459
 135;    1414
 136;    1322
 137;    1230
 138;    1041
 139;    1046
 140;     972
 141;    1082
 142;    1143
 143;    1154
 144;    1231
 145;    1335
 146;    1533
 147;    1533
 148;    1509
 149;    1313
 150;    1029
 151;     824
 152;     580
 153;     436
 154;     355
 155;     328
 156;     372
 157;     361
 158;     302
 159;     364
 160;     375
 161;     341
 162;     333
 163;     282
 164;     330
 165;     308
 166;     309
 167;     301
 168;     294
 169;     266
 170;     265
 171;     249
 172;     253
 173;     320
 174;     302
 175;     382
 176;     551
 177;     823
 178;    1423
 179;    2486
 180;    3894
 181;    5513
 182;    7011
 183;    8438
 184;    8726
 185;    8246
 186;    6766
 187;    5278
 188;    3458
 189;    2100
 190;    1260
 191;     805
 192;     495
 193;     432
 194;     498
 195;     633
 196;     898
 197;    1126
 198;    1375
 199;    1522
 200;    1728
 201;    1562
 202;    1349
 203;    1097
 204;     772
 205;     597
 206;     457
 207;     310
 208;     250
 209;     241
 210;     221
 211;     244
 212;     201
 213;     226
 214;     236
 215;     268
 216;     273
 217;     331
 218;     386
 219;     454
 220;     581
 221;     725
 222;     807
 223;     862
 224;     830
 225;     887
 226;     738
 227;     645
 228;     485
 229;     468
 230;     367
 231;     325
 232;     267
 233;     280
 234;     273
 235;     298
 236;     291
 237;     354
 238;     370
 239;     428
 240;     487
 241;     470
 242;     485
 243;     504
 244;     432
 245;     505
 246;     439
 247;     430
 248;     343
 249;     322
 250;     327
 251;     314
 252;     279
 253;     299
 254;     285
 255;     309
 256;     301
 257;     354
 258;     337
 259;     365
 260;     356
 261;     408
 262;     453
 263;     610
 264;     804
 265;    1055
 266;    1457
 267;    1917
 268;    2312
 269;    2546
 270;    2577
 271;    2415
 272;    2174
 273;    1731
 274;    1285
 275;     924
 276;     692
 277;     516
 278;     403
 279;     368
 280;     336
 281;     315
 282;     308
 283;     315
 284;     309
 285;     326
 286;     322
 287;     306
 288;     320
 289;     378
 290;     421
 291;     444
 292;     525
 293;     556
 294;     634
 295;     668
 296;     743
 297;     689
 298;     682
 299;     589
 300;     534
 301;     457
 302;     395
 303;     407
 304;     356
 305;     377
 306;     367
 307;     367
 308;     416
 309;     460
 310;     537
 311;     531
 312;     592
 313;     788
 314;     894
 315;    1118
 316;    1287
 317;    1427
 318;    1556
 319;    1542
 320;    1589
 321;    1311
 322;    1141
 323;     919
 324;     714
 325;     568
 326;     502
 327;     507
 328;     387
 329;     357
 330;     391
 331;     367
 332;     357
 333;     407
 334;     344
 335;     360
 336;     407
 337;     458
 338;     447
 339;     485
 340;     469
 341;     514
 342;     540
 343;     583
 344;     576
 345;     610
 346;     633
 347;     590
 348;     584
 349;     615
 350;     621
 351;     604
 352;     623
 353;     593
 354;     572
 355;     556
 356;     542
 357;     555
 358;     571
 359;     626
 360;     626
 361;     698
 362;     694
 363;     748
 364;     811
 365;     845
 366;     890
 367;     956
 368;     996
 369;    1069
 370;    1224
 371;    1257
 372;    1272
 373;    1244
 374;    1096
 375;    1005
 376;     820
 377;     677
 378;     582
 379;     504
 380;     416
 381;     424
 382;     387
 383;     362
 384;     339
 385;     354
 386;     364
 387;     391
 388;     383
 389;     349
 390;     361
 391;     348
 392;     354
 393;     393
 394;     393
 395;     415
 396;     427
 397;     393
 398;     492
 399;     454
 400;     451
 401;     498
 402;     503
 403;     463
 404;     512
 405;     528
 406;     512
 407;     505
 408;     520
 409;     532
 410;     520
 411;     563
 412;     516
 413;     615
 414;     590
 415;     678
 416;     607
 417;     646
 418;     815
 419;    1082
 420;    1532
 421;    2519
 422;    3920
 423;    6467
 424;    9762
 425;   14203
 426;   19407
 427;   25090
 428;   30268
 429;   33555
 430;   35363
 431;   34600
 432;   31894
 433;   27138
 434;   21396
 435;   15976
 436;   11036
 437;    7143
 438;    4519
 439;    2685
 440;    1565
 441;     959
 442;     668
 443;     473
 444;     404
 445;     387
 446;     319
 447;     368
 448;     356
 449;     323
 450;     415
 451;     371
 452;     440
 453;     483
 454;     522
 455;     618
 456;     647
 457;     642
 458;     629
 459;     674
 460;     634
 461;     606
 462;     649
 463;     562
 464;     484
 465;     525
 466;     562
 467;     670
 468;     826
 469;    1136
 470;    1548
 471;    2005
 472;    2813
 473;    3497
 474;    4244
 475;    4974
 476;    5558
 477;    5684
 478;    5380
 479;    5050
 480;    4210
 481;    3414
 482;    2520
 483;    1988
 484;    1309
 485;     902
 486;     637
 487;     451
 488;     357
 489;     294
 490;     289
 491;     261
 492;     260
 493;     208
 494;     204
 495;     238
 496;     219
 497;     223
 498;     247
 499;     216
 500;     229
 501;     230
 502;     239
 503;     231
 504;     250
 505;     255
 506;     234
 507;     230
 508;     241
 509;     260
 510;     283
 511;     282
 512;     343
 513;     342
 514;     415
 515;     570
 516;     765
 517;    1016
 518;    1446
 519;    1926
 520;    2551
 521;    3239
 522;    3841
 523;    4610
 524;    5356
 525;    5614
 526;    5589
 527;    5293
 528;    4771
 529;    4172
 530;    3402
 531;    2686
 532;    1889
 533;    1370
 534;     974
 535;     656
 536;     534
 537;     392
 538;     301
 539;     257
 540;     246
 541;     253
 542;     227
 543;     221
 544;     227
 545;     233
 546;     207
 547;     207
 548;     178
 549;     201
 550;     224
 551;     212
 552;     222
 553;     180
 554;     227
 555;     210
 556;     190
 557;     224
 558;     211
 559;     189
 560;     248
 561;     279
 562;     285
 563;     251
 564;     251
 565;     300
 566;     276
 567;     269
 568;     277
 569;     254
 570;     248
 571;     245
 572;     229
 573;     221
 574;     214
 575;     197
 576;     196
 577;     194
 578;     198
 579;     211
 580;     214
 581;     196
 582;     211
 583;     200
 584;     203
 585;     184
 586;     198
 587;     216
 588;     192
 589;     201
 590;     204
 591;     255
 592;     217
 593;     227
 594;     212
 595;     215
 596;     223
 597;     201
 598;     228
 599;     254
 600;     231
 601;     248
 602;     293
 603;     291
 604;     323
 605;     318
 606;     365
 607;     378
 608;     410
 609;     405
 610;     447
 611;     463
 612;     454
 613;     484
 614;     446
 615;     465
 616;     521
 617;     498
 618;     584
 619;     677
 620;     845
 621;    1078
 622;    1445
 623;    1823
 624;    2389
 625;    2970
 626;    3434
 627;    3938
 628;    4163
 629;    4180
 630;    4059
 631;    3850
 632;    3365
 633;    2882
 634;    2311
 635;    1881
 636;    1446
 637;    1151
 638;     899
 639;     696
 640;     619
 641;     501
 642;     425
 643;     381
 644;     374
 645;     364
 646;     356
 647;     332
 648;     371
 649;     332
 650;     301
 651;     293
 652;     302
 653;     267
 654;     237
 655;     226
 656;     204
 657;     225
 658;     179
 659;     177
 660;     162
 661;     199
 662;     169
 663;     166
 664;     194
 665;     166
 666;     173
 667;     168
 668;     171
 669;     173
 670;     175
 671;     163
 672;     155
 673;     120
 674;     172
 675;     147
 676;     149
 677;     181
 678;     161
 679;     155
 680;     143
 681;     170
 682;     150
 683;     140
 684;     145
 685;     157
 686;     151
 687;     139
 688;     145
 689;     143
 690;     142
 691;     146
 692;     150
 693;     155
 694;     140
 695;     153
 696;     198
 697;     181
 698;     206
 699;     242
 700;     240
 701;     257
 702;     273
 703;     291
 704;     282
 705;     309
 706;     273
 707;     293
 708;     253
 709;     293
 710;     255
 711;     237
 712;     225
 713;     193
 714;     198
 715;     175
 716;     179
 717;     174
 718;     166
 719;     158
 720;     155
 721;     150
 722;     164
 723;     177
 724;     160
 725;     184
 726;     205
 727;     230
 728;     249
 729;     324
 730;     368
 731;     481
 732;     502
 733;     582
 734;     605
 735;     595
 736;     672
 737;     671
 738;     597
 739;     557
 740;     512
 741;     410
 742;     359
 743;     298
 744;     227
 745;     232
 746;     192
 747;     204
 748;     197
 749;     225
 750;     232
 751;     251
 752;     235
 753;     251
 754;     285
 755;     264
 756;     262
 757;     263
 758;     261
 759;     251
 760;     219
 761;     230
 762;     237
 763;     194
 764;     175
 765;     169
 766;     155
 767;     158
 768;     116
 769;     117
 770;     110
 771;     123
 772;     137
 773;     115
 774;     128
 775;     116
 776;     113
 777;     122
 778;     113
 779;     127
 780;     128
 781;     112
 782;     149
 783;     158
 784;     148
 785;     149
 786;     157
 787;     136
 788;     138
 789;     148
 790;     144
 791;     133
 792;     135
 793;     135
 794;     125
 795;     125
 796;     125
 797;     119
 798;     121
 799;     120
 800;     117
 801;     106
 802;     107
 803;     137
 804;     100
 805;     129
 806;     140
 807;     102
 808;     115
 809;     117
 810;     113
 811;     104
 812;     104
 813;     111
 814;     104
 815;      91
 816;     104
 817;     108
 818;     116
 819;      97
 820;     126
 821;     109
 822;     139
 823;     137
 824;     143
 825;     141
 826;     144
 827;     129
 828;     133
 829;     124
 830;     108
 831;     117
 832;     119
 833;     133
 834;     126
 835;     111
 836;     121
 837;     108
 838;     129
 839;     122
 840;     107
 841;     122
 842;     105
 843;     116
 844;      79
 845;      93
 846;     101
 847;     102
 848;      95
 849;     107
 850;      98
 851;     108
 852;     128
 853;     105
 854;     119
 855;     121
 856;     117
 857;     115
 858;     123
 859;     106
 860;     120
 861;     134
 862;     121
 863;      97
 864;     104
 865;     119
 866;     126
 867;     115
 868;     109
 869;     123
 870;      95
 871;     120
 872;     117
 873;     112
 874;     114
 875;     112
 876;     104
 877;     133
 878;     117
 879;     113
 880;     114
 881;     112
 882;     110
 883;     132
 884;     122
 885;      77
 886;     110
 887;      97
 888;      95
 889;     109
 890;     105
 891;     117
 892;     110
 893;     128
 894;      99
 895;     120
 896;     116
 897;     119
 898;     134
 899;     120
 900;     128
 901;     142
 902;     135
 903;     139
 904;     149
 905;     130
 906;     136
 907;     137
 908;     135
 909;     166
 910;     138
 911;     165
 912;     134
 913;     169
 914;     181
 915;     165
 916;     172
 917;     159
 918;     184
 919;     193
 920;     218
 921;     195
 922;     204
 923;     227
 924;     247
 925;     231
 926;     251
 927;     279
 928;     266
 929;     310
 930;     314
 931;     340
 932;     322
 933;     358
 934;     365
 935;     319
 936;     357
 937;     356
 938;     340
 939;     382
 940;     303
 941;     389
 942;     365
 943;     336
 944;     386
 945;     353
 946;     345
 947;     342
 948;     315
 949;     324
 950;     304
 951;     297
 952;     307
 953;     277
 954;     290
 955;     270
 956;     251
 957;     246
 958;     211
 959;     250
 960;     219
 961;     218
 962;     200
 963;     199
 964;     173
 965;     186
 966;     176
 967;     173
 968;     139
 969;     142
 970;     151
 971;     136
 972;     117
 973;     126
 974;     135
 975;     128
 976;     128
 977;     128
 978;     114
 979;     111
 980;     116
 981;      93
 982;     103
 983;     103
 984;      98
 985;      87
 986;      98
 987;      94
 988;     114
 989;      86
 990;     108
 991;      99
 992;     115
 993;     124
 994;     115
 995;     150
 996;     161
 997;     179
 998;     154
 999;     149
1000;     210
1001;     198
1002;     191
1003;     211
1004;     195
1005;     248
1006;     227
1007;     231
1008;     243
1009;     204
1010;     180
1011;     168
1012;     162
1013;     151
1014;     137
1015;     130
1016;     122
1017;     106
1018;      96
1019;     102
1020;      92
1021;      82
1022;      84
1023;      60
1024;      87
1025;      91
1026;      97
1027;      89
1028;     111
1029;      92
1030;      87
1031;      81
1032;      72
1033;      93
1034;     105
1035;      89
1036;     110
1037;     114
1038;      95
1039;     100
1040;     104
1041;     119
1042;     133
1043;     125
1044;     154
1045;     169
1046;     144
1047;     187
1048;     186
1049;     161
1050;     185
1051;     184
1052;     183
1053;     192
1054;     208
1055;     171
1056;     190
1057;     186
1058;     162
1059;     159
1060;     160
1061;     141
1062;     123
1063;     136
1064;     107
1065;     106
1066;     101
1067;     109
1068;      80
1069;      89
1070;      77
1071;      92
1072;      74
1073;      82
1074;      98
1075;      90
1076;      92
1077;      98
1078;      79
1079;      91
1080;      87
1081;      80
1082;      75
1083;      77
1084;      64
1085;      69
1086;      56
1087;      69
1088;      66
1089;      63
1090;      86
1091;      84
1092;      62
1093;      80
1094;      61
1095;      67
1096;      64
1097;      56
1098;      64
1099;      52
1100;      54
1101;      58
1102;      69
1103;      59
1104;      54
1105;      55
1106;      58
1107;      60
1108;      64
1109;      66
1110;      51
1111;      61
1112;      50
1113;      41
1114;      49
1115;      66
1116;      53
1117;      60
1118;      71
1119;      48
1120;      55
1121;      56
1122;      57
1123;      66
1124;      64
1125;      65
1126;      85
1127;      70
1128;      65
1129;      79
1130;      83
1131;      71
1132;      67
1133;      83
1134;      60
1135;      69
1136;      68
1137;      53
1138;      66
1139;      68
1140;      63
1141;      55
1142;      56
1143;      57
1144;      44
1145;      62
1146;      64
1147;      53
1148;      53
1149;      54
1150;      41
1151;      50
1152;      42
1153;      56
1154;      62
1155;      52
1156;      55
1157;      52
1158;      47
1159;      57
1160;      51
1161;      57
1162;      49
1163;      58
1164;      50
1165;      68
1166;      56
1167;      37
1168;      48
1169;      54
1170;      46
1171;      49
1172;      50
1173;      43
1174;      46
1175;      38
1176;      40
1177;      48
1178;      52
1179;      53
1180;      38
1181;      42
1182;      51
1183;      55
1184;      69
1185;      58
1186;      58
1187;      76
1188;      69
1189;      60
1190;      57
1191;      38
1192;      58
1193;      42
1194;      48
1195;      48
1196;      56
1197;      53
1198;      35
1199;      53
1200;      30
1201;      45
1202;      48
1203;      48
1204;      60
1205;      32
1206;      42
1207;      53
1208;      38
1209;      48
1210;      40
1211;      43
1212;      32
1213;      38
1214;      38
1215;      53
1216;      46
1217;      30
1218;      32
1219;      47
1220;      45
1221;      41
1222;      29
1223;      46
1224;      38
1225;      41
1226;      40
1227;      42
1228;      41
1229;      32
1230;      38
1231;      50
1232;      29
1233;      37
1234;      43
1235;      38
1236;      39
1237;      51
1238;      41
1239;      35
1240;      30
1241;      35
1242;      32
1243;      47
1244;      44
1245;      32
1246;      48
1247;      39
1248;      30
1249;      36
1250;      48
1251;      27
1252;      30
1253;      37
1254;      36
1255;      34
1256;      37
1257;      28
1258;      39
1259;      45
1260;      42
1261;      24
1262;      38
1263;      37
1264;      36
1265;      28
1266;      35
1267;      38
1268;      24
1269;      37
1270;      41
1271;      36
1272;      33
1273;      28
1274;      31
1275;      30
1276;      29
1277;      37
1278;      38
1279;      35
1280;      37
1281;      15
1282;      27
1283;      36
1284;      40
1285;      37
1286;      32
1287;      33
1288;      37
1289;      33
1290;      36
1291;      38
1292;      46
1293;      32
1294;      30
1295;      31
1296;      27
1297;      39
1298;      34
1299;      34
1300;      31
1301;      32
1302;      28
1303;      32
1304;      32
1305;      32
1306;      39
1307;      35
1308;      31
1309;      37
1310;      29
1311;      45
1312;      37
1313;      33
1314;      34
1315;      27
1316;      35
1317;      34
1318;      28
1319;      28
1320;      30
1321;      25
1322;      35
1323;      26
1324;      30
1325;      30
1326;      37
1327;      32
1328;      27
1329;      26
1330;      30
1331;      18
1332;      33
1333;      22
1334;      32
1335;      35
1336;      30
1337;      33
1338;      30
1339;      28
1340;      30
1341;      29
1342;      30
1343;      23
1344;      31
1345;      33
1346;      23
1347;      33
1348;      32
1349;      31
1350;      34
1351;      27
1352;      29
1353;      23
1354;      25
1355;      39
1356;      25
1357;      24
1358;      38
1359;      27
1360;      25
1361;      26
1362;      26
1363;      23
1364;      32
1365;      24
1366;      20
1367;      23
1368;      20
1369;      28
1370;      25
1371;      26
1372;      29
1373;      40
1374;      24
1375;      19
1376;      25
1377;      28
1378;      25
1379;      21
1380;      24
1381;      21
1382;      27
1383;      28
1384;      21
1385;      33
1386;      31
1387;      20
1388;      28
1389;      25
1390;      21
1391;      24
1392;      24
1393;      20
1394;      31
1395;      18
1396;      18
1397;      23
1398;      21
1399;      23
1400;      27
1401;      28
1402;      34
1403;      21
1404;      23
1405;      21
1406;      24
1407;      18
1408;      13
1409;      28
1410;      23
1411;      20
1412;      36
1413;      27
1414;      20
1415;      19
1416;      28
1417;      23
1418;      34
1419;      32
1420;      27
1421;      28
1422;      22
1423;      30
1424;      16
1425;      16
1426;      32
1427;      22
1428;      13
1429;      23
1430;      21
1431;      13
1432;      18
1433;      24
1434;      16
1435;      30
1436;      25
1437;      21
1438;      17
1439;      15
1440;      22
1441;      20
1442;      19
1443;      20
1444;      29
1445;      25
1446;      13
1447;      26
1448;      24
1449;      14
1450;      15
1451;      27
1452;      20
1453;      21
1454;      22
1455;      19
1456;      15
1457;      22
1458;      30
1459;      23
1460;      24
1461;      21
1462;      17
1463;      24
1464;      18
1465;      22
1466;      15
1467;      30
1468;      25
1469;      17
1470;      16
1471;      13
1472;      23
1473;      14
1474;      15
1475;      21
1476;      26
1477;      22
1478;      13
1479;      11
1480;      23
1481;      21
1482;      21
1483;      20
1484;      19
1485;      25
1486;      13
1487;      16
1488;      11
1489;      16
1490;       8
1491;      19
1492;      17
1493;      18
1494;      11
1495;      15
1496;      16
1497;      14
1498;      24
1499;      17
1500;      14
1501;      18
1502;      12
1503;      16
1504;      24
1505;      28
1506;      20
1507;      17
1508;      16
1509;      15
1510;      23
1511;      17
1512;      13
1513;      12
1514;      16
1515;      14
1516;       9
1517;      12
1518;      13
1519;       7
1520;      23
1521;      15
1522;      17
1523;      18
1524;      14
1525;      14
1526;      13
1527;      22
1528;       7
1529;      16
1530;      18
1531;      13
1532;      14
1533;      12
1534;      13
1535;      17
1536;      14
1537;      13
1538;      16
1539;      20
1540;      13
1541;      18
1542;      17
1543;      12
1544;      16
1545;      10
1546;      15
1547;      16
1548;      10
1549;      15
1550;      17
1551;      14
1552;      15
1553;      15
1554;      16
1555;      15
1556;      10
1557;      14
1558;       9
1559;      13
1560;       9
1561;      12
1562;      16
1563;      15
1564;      13
1565;       6
1566;      20
1567;      10
1568;      12
1569;      10
1570;      10
1571;      15
1572;       9
1573;      11
1574;      17
1575;       6
1576;      20
1577;      17
1578;      10
1579;      22
1580;      10
1581;      13
1582;      16
1583;      13
1584;      11
1585;      12
1586;      19
1587;      13
1588;      14
1589;      13
1590;      13
1591;       7
1592;       9
1593;      16
1594;       9
1595;      10
1596;       7
1597;      10
1598;      12
1599;       9
1600;       9
1601;      14
1602;      11
1603;      12
1604;       7
1605;       9
1606;       8
1607;       9
1608;      10
1609;       8
1610;      10
1611;       6
1612;       9
1613;      11
1614;      12
1615;      12
1616;      13
1617;      10
1618;       9
1619;       6
1620;      13
1621;      11
1622;       9
1623;      10
1624;      14
1625;       7
1626;       9
1627;       9
1628;       6
1629;      10
1630;      10
1631;       9
1632;      10
1633;      11
1634;       8
1635;       9
1636;      14
1637;      12
1638;      12
1639;      10
1640;       7
1641;       9
1642;       6
1643;       5
1644;       7
1645;       5
1646;      11
1647;       4
1648;       5
1649;       2
1650;      10
1651;       6
1652;       7
1653;      11
1654;       5
1655;       8
1656;       4
1657;       6
1658;       9
1659;       9
1660;       3
1661;       8
1662;       4
1663;       6
1664;       6
1665;       4
1666;       2
1667;       9
1668;       8
1669;       7
1670;       6
1671;       9
1672;      11
1673;       7
1674;       6
1675;       3
1676;       3
1677;       9
1678;       3
1679;       4
1680;       4
1681;       9
1682;       5
1683;       9
1684;       3
1685;       7
1686;       7
1687;       6
1688;       6
1689;       3
1690;       9
1691;       7
1692;       1
1693;       2
1694;       4
1695;       7
1696;       4
1697;       3
1698;       6
1699;       6
1700;       3
1701;       3
1702;       5
1703;       1
1704;       7
1705;       4
1706;       2
1707;       2
1708;       6
1709;       3
1710;       5
1711;       5
1712;       4
1713;       5
1714;       2
1715;       2
1716;       0
1717;       4
1718;       4
1719;       3
1720;       3
1721;       4
1722;       2
1723;       3
1724;       3
1725;       1
1726;       2
1727;       3
1728;       4
1729;       2
1730;       2
1731;       3
1732;       3
1733;       3
1734;       1
1735;       3
1736;       1
1737;       2
1738;       2
1739;       5
1740;       1
1741;       3
1742;       1
1743;       4
1744;       3
1745;       2
1746;       2
1747;       0
1748;       3
1749;       3
1750;       4
1751;       2
1752;       4
1753;       1
1754;       2
1755;       1
1756;       1
1757;       1
1758;       3
1759;       0
1760;       1
1761;       0
1762;       0
1763;       0
1764;       2
1765;       3
1766;       2
1767;       2
1768;       1
1769;       0
1770;       0
1771;       4
1772;       0
1773;       0
1774;       1
1775;       0
1776;       0
1777;       4
1778;       1
1779;       1
1780;       0
1781;       0
1782;       0
1783;       1
1784;       1
1785;       0
1786;       0
1787;       1
1788;       2
1789;       1
1790;       0
1791;       0
1792;       0
1793;       0
1794;       1
1795;       0
1796;       1
1797;       1
1798;       0
1799;       0
1800;       0
1801;       0
1802;       0
1803;       1
1804;       0
1805;       1
1806;       1
1807;       0
1808;       2
1809;       0
1810;       1
1811;       0
1812;       0
1813;       1
1814;       0
1815;       0
1816;       1
1817;       1
1818;       4
1819;       0
1820;       0
1821;       1
1822;       0
1823;       0
1824;       0
1825;       1
1826;       0
1827;       1
1828;       0
1829;       0
1830;       1
1831;       0
1832;       0
1833;       0
1834;       0
1835;       0
1836;       1
1837;       0
1838;       0
1839;       1
1840;       0
1841;       0
1842;       2
1843;       0
1844;       0
1845;       2
1846;       0
1847;       0
1848;       0
1849;       0
1850;       0
1851;       0
1852;       0
1853;       0
1854;       0
1855;       1
1856;       1
1857;       2
1858;       2
1859;       0
1860;       1
1861;       0
1862;       0
1863;       0
1864;       0
1865;       0
1866;       1
1867;       0
1868;       0
1869;       0
1870;       0
1871;       0
1872;       1
1873;       0
1874;       0
1875;       0
1876;       0
1877;       0
1878;       0
1879;       0
1880;       0
1881;       1
1882;       0
1883;       0
1884;       0
1885;       1
1886;       1
1887;       2
1888;       1
1889;       0
1890;       0
1891;       0
1892;       0
1893;       0
1894;       0
1895;       0
1896;       0
1897;       1
1898;       0
1899;       1
1900;       0
1901;       0
1902;       0
1903;       0
1904;       0
1905;       0
1906;       0
1907;       0
1908;       0
1909;       0
1910;       0
1911;       0
1912;       0
1913;       0
1914;       0
1915;       1
1916;       0
1917;       0
1918;       0
1919;       0
1920;       1
1921;       0
1922;       1
1923;       0
1924;       0
1925;       0
1926;       1
1927;       0
1928;       0
1929;       0
1930;       0
1931;       0
1932;       0
1933;       0
1934;       1
1935;       0
1936;       0
1937;       0
1938;       0
1939;       0
1940;       0
1941;       0
1942;       0
1943;       0
1944;       0
1945;       0
1946;       0
1947;       0
1948;       0
1949;       0
1950;       1
1951;       0
1952;       1
1953;       0
1954;       0
1955;       1
1956;       0
1957;       0
1958;       0
1959;       0
1960;       0
1961;       0
1962;       0
1963;       0
1964;       0
1965;       0
1966;       0
1967;       0
1968;       1
1969;       0
1970;       0
1971;       1
1972;       0
1973;       0
1974;       0
1975;       0
1976;       0
1977;       0
1978;       0
1979;       0
1980;       0
1981;       0
1982;       0
1983;       0
1984;       0
1985;       0
1986;       0
1987;       0
1988;       0
1989;       0
1990;       0
1991;       0
1992;       0
1993;       0
1994;       1
1995;       0
1996;       0
1997;       0
1998;       0
1999;       0
2000;       0
2001;       0
2002;       0
2003;       0
2004;       0
2005;       0
2006;       0
2007;       0
2008;       0
2009;       0
2010;       0
2011;       0
2012;       0
2013;       0
2014;       0
2015;       0
2016;       0
2017;       0
2018;       0
2019;       0
2020;       0
2021;       0
2022;       0
2023;       0
2024;       0
2025;       0
2026;       0
2027;       0
2028;       0
2029;       0
2030;       0
2031;       0
2032;       0
2033;       0
2034;       0
2035;       0
2036;       0
2037;       0
2038;       0
2039;       0
2040;       0
2041;       0
2042;       0
2043;       0
2044;       0
2045;       0
2046;       0
2047;       0
