   0;     890
   1;     775
   2;     504
   3;     264
   4;     124
   5;      34
   6;      10
   7;       5
   8;       0
   9;       0
  10;       0
  11;       0
  12;       0
  13;       0
  14;       0
  15;       0
  16;       0
  17;       0
  18;       0
  19;       0
  20;       0
  21;       0
  22;       0
  23;       0
  24;       0
  25;       0
  26;       1
  27;       0
  28;       0
  29;       3
  30;      30
  31;      98
  32;     104
  33;     133
  34;     139
  35;     131
  36;     125
  37;     148
  38;     131
  39;     118
  40;     125
  41;     132
  42;     118
  43;     129
  44;     125
  45;     130
  46;     123
  47;     153
  48;     129
  49;     128
  50;     134
  51;     125
  52;     118
  53;     122
  54;     125
  55;     140
  56;     132
  57;     133
  58;     128
  59;     129
  60;     114
  61;     123
  62;     114
  63;     124
  64;     125
  65;      87
  66;     115
  67;      93
  68;     110
  69;     111
  70;     122
  71;     129
  72;     121
  73;     112
  74;     113
  75;     107
  76;     108
  77;     116
  78;      94
  79;     103
  80;      99
  81;      94
  82;     108
  83;     109
  84;     137
  85;     119
  86;     122
  87;     141
  88;     147
  89;     134
  90;     107
  91;     110
  92;     122
  93;     139
  94;     175
  95;     150
  96;     152
  97;     200
  98;     164
  99;     177
 100;     140
 101;     160
 102;     136
 103;     110
 104;     123
 105;     125
 106;     138
 107;     116
 108;     108
 109;     144
 110;     163
 111;     189
 112;     237
 113;     287
 114;     339
 115;     342
 116;     337
 117;     365
 118;     300
 119;     315
 120;     259
 121;     268
 122;     258
 123;     259
 124;     232
 125;     232
 126;     245
 127;     282
 128;     345
 129;     491
 130;     665
 131;     908
 132;    1057
 133;    1347
 134;    1393
 135;    1372
 136;    1328
 137;    1115
 138;    1042
 139;    1051
 140;     998
 141;    1011
 142;    1120
 143;    1212
 144;    1282
 145;    1390
 146;    1568
 147;    1614
 148;    1502
 149;    1376
 150;    1089
 151;     842
 152;     593
 153;     446
 154;     325
 155;     313
 156;     322
 157;     344
 158;     342
 159;     328
 160;     304
 161;     318
 162;     291
 163;     298
 164;     284
 165;     270
 166;     242
 167;     216
 168;     263
 169;     221
 170;     223
 171;     231
 172;     219
 173;     232
 174;     223
 175;     303
 176;     435
 177;     672
 178;    1072
 179;    1759
 180;    2614
 181;    3696
 182;    4886
 183;    5645
 184;    6104
 185;    5720
 186;    4853
 187;    3591
 188;    2513
 189;    1486
 190;     919
 191;     540
 192;     427
 193;     344
 194;     387
 195;     514
 196;     666
 197;     834
 198;    1010
 199;    1090
 200;    1186
 201;    1156
 202;    1025
 203;     774
 204;     602
 205;     460
 206;     317
 207;     303
 208;     249
 209;     194
 210;     211
 211;     229
 212;     207
 213;     226
 214;     205
 215;     214
 216;     238
 217;     204
 218;     234
 219;     260
 220;     285
 221;     305
 222;     306
 223;     351
 224;     356
 225;     319
 226;     345
 227;     334
 228;     296
 229;     258
 230;     258
 231;     213
 232;     232
 233;     222
 234;     239
 235;     256
 236;     218
 237;     246
 238;     237
 239;     256
 240;     243
 241;     248
 242;     245
 243;     238
 244;     235
 245;     265
 246;     275
 247;     249
 248;     264
 249;     238
 250;     233
 251;     270
 252;     242
 253;     225
 254;     217
 255;     217
 256;     258
 257;     275
 258;     264
 259;     274
 260;     267
 261;     268
 262;     328
 263;     433
 264;     531
 265;     699
 266;     934
 267;    1198
 268;    1359
 269;    1473
 270;    1574
 271;    1453
 272;    1275
 273;    1050
 274;     819
 275;     575
 276;     465
 277;     363
 278;     293
 279;     311
 280;     277
 281;     286
 282;     269
 283;     281
 284;     275
 285;     298
 286;     297
 287;     275
 288;     320
 289;     331
 290;     354
 291;     375
 292;     397
 293;     445
 294;     485
 295;     560
 296;     509
 297;     527
 298;     513
 299;     445
 300;     440
 301;     400
 302;     385
 303;     342
 304;     288
 305;     314
 306;     333
 307;     418
 308;     397
 309;     411
 310;     528
 311;     567
 312;     698
 313;     873
 314;    1104
 315;    1422
 316;    1679
 317;    2050
 318;    2144
 319;    2237
 320;    2177
 321;    1960
 322;    1555
 323;    1190
 324;     959
 325;     727
 326;     550
 327;     432
 328;     368
 329;     335
 330;     365
 331;     341
 332;     333
 333;     356
 334;     365
 335;     345
 336;     362
 337;     468
 338;     414
 339;     402
 340;     416
 341;     457
 342;     490
 343;     465
 344;     514
 345;     511
 346;     554
 347;     558
 348;     602
 349;     593
 350;     635
 351;     649
 352;     625
 353;     624
 354;     605
 355;     576
 356;     537
 357;     518
 358;     505
 359;     535
 360;     584
 361;     617
 362;     682
 363;     685
 364;     727
 365;     806
 366;     818
 367;     870
 368;     953
 369;    1019
 370;    1007
 371;    1099
 372;    1112
 373;    1059
 374;     989
 375;     888
 376;     754
 377;     633
 378;     513
 379;     448
 380;     364
 381;     349
 382;     297
 383;     317
 384;     313
 385;     294
 386;     309
 387;     338
 388;     321
 389;     303
 390;     304
 391;     329
 392;     324
 393;     315
 394;     371
 395;     344
 396;     384
 397;     455
 398;     530
 399;     527
 400;     555
 401;     605
 402;     554
 403;     532
 404;     517
 405;     475
 406;     458
 407;     449
 408;     428
 409;     444
 410;     459
 411;     433
 412;     464
 413;     466
 414;     428
 415;     447
 416;     457
 417;     460
 418;     521
 419;     689
 420;     976
 421;    1441
 422;    2224
 423;    3569
 424;    5203
 425;    7575
 426;   10527
 427;   13491
 428;   15810
 429;   18430
 430;   19004
 431;   18627
 432;   17095
 433;   14731
 434;   11648
 435;    8758
 436;    6106
 437;    4013
 438;    2494
 439;    1553
 440;    1034
 441;     653
 442;     448
 443;     360
 444;     345
 445;     346
 446;     348
 447;     306
 448;     356
 449;     347
 450;     318
 451;     367
 452;     443
 453;     439
 454;     531
 455;     574
 456;     660
 457;     670
 458;     660
 459;     712
 460;     611
 461;     580
 462;     585
 463;     486
 464;     442
 465;     462
 466;     455
 467;     497
 468;     539
 469;     657
 470;     875
 471;    1195
 472;    1532
 473;    1888
 474;    2276
 475;    2628
 476;    2857
 477;    2989
 478;    2901
 479;    2803
 480;    2332
 481;    1853
 482;    1381
 483;    1061
 484;     735
 485;     550
 486;     412
 487;     346
 488;     286
 489;     243
 490;     263
 491;     236
 492;     230
 493;     225
 494;     252
 495;     207
 496;     244
 497;     205
 498;     231
 499;     238
 500;     247
 501;     237
 502;     251
 503;     221
 504;     264
 505;     243
 506;     248
 507;     237
 508;     250
 509;     258
 510;     301
 511;     322
 512;     352
 513;     413
 514;     564
 515;     707
 516;     920
 517;    1338
 518;    1835
 519;    2415
 520;    3286
 521;    4210
 522;    5052
 523;    5857
 524;    6902
 525;    7213
 526;    7401
 527;    7208
 528;    6404
 529;    5450
 530;    4491
 531;    3412
 532;    2576
 533;    1911
 534;    1222
 535;     834
 536;     592
 537;     446
 538;     330
 539;     277
 540;     256
 541;     239
 542;     246
 543;     247
 544;     248
 545;     219
 546;     158
 547;     207
 548;     246
 549;     212
 550;     201
 551;     218
 552;     216
 553;     174
 554;     215
 555;     208
 556;     209
 557;     225
 558;     226
 559;     234
 560;     246
 561;     277
 562;     301
 563;     316
 564;     299
 565;     323
 566;     318
 567;     306
 568;     331
 569;     285
 570;     258
 571;     262
 572;     243
 573;     249
 574;     216
 575;     199
 576;     210
 577;     199
 578;     213
 579;     207
 580;     206
 581;     181
 582;     190
 583;     183
 584;     197
 585;     204
 586;     195
 587;     198
 588;     210
 589;     216
 590;     218
 591;     212
 592;     198
 593;     205
 594;     235
 595;     222
 596;     250
 597;     239
 598;     241
 599;     277
 600;     281
 601;     290
 602;     333
 603;     379
 604;     379
 605;     376
 606;     442
 607;     440
 608;     468
 609;     481
 610;     532
 611;     498
 612;     549
 613;     518
 614;     550
 615;     600
 616;     552
 617;     617
 618;     704
 619;     811
 620;    1050
 621;    1385
 622;    1877
 623;    2451
 624;    3157
 625;    3972
 626;    4754
 627;    5316
 628;    5788
 629;    5784
 630;    5641
 631;    5221
 632;    4571
 633;    3849
 634;    3140
 635;    2606
 636;    2018
 637;    1493
 638;    1206
 639;     910
 640;     746
 641;     687
 642;     593
 643;     497
 644;     426
 645;     460
 646;     459
 647;     438
 648;     358
 649;     411
 650;     372
 651;     349
 652;     327
 653;     286
 654;     272
 655;     259
 656;     253
 657;     195
 658;     212
 659;     179
 660;     174
 661;     164
 662;     184
 663;     168
 664;     187
 665;     177
 666;     185
 667;     168
 668;     176
 669;     168
 670;     162
 671;     183
 672;     157
 673;     170
 674;     154
 675;     174
 676;     145
 677;     152
 678;     161
 679;     157
 680;     137
 681;     133
 682;     176
 683;     148
 684;     148
 685;     134
 686;     126
 687;     154
 688;     138
 689;     149
 690;     139
 691;     131
 692;     134
 693;     146
 694;     144
 695;     142
 696;     153
 697;     165
 698;     175
 699;     192
 700;     208
 701;     199
 702;     220
 703;     201
 704;     242
 705;     247
 706;     224
 707;     241
 708;     239
 709;     227
 710;     198
 711;     190
 712;     199
 713;     157
 714;     188
 715;     165
 716;     152
 717;     149
 718;     149
 719;     150
 720;     161
 721;     158
 722;     173
 723;     171
 724;     188
 725;     209
 726;     208
 727;     222
 728;     260
 729;     364
 730;     468
 731;     532
 732;     628
 733;     731
 734;     756
 735;     777
 736;     825
 737;     829
 738;     775
 739;     706
 740;     575
 741;     499
 742;     402
 743;     349
 744;     279
 745;     255
 746;     267
 747;     194
 748;     230
 749;     257
 750;     271
 751;     275
 752;     265
 753;     310
 754;     336
 755;     341
 756;     326
 757;     326
 758;     329
 759;     288
 760;     291
 761;     262
 762;     231
 763;     183
 764;     151
 765;     153
 766;     137
 767;     160
 768;     141
 769;     133
 770;     132
 771;     122
 772;     107
 773;     128
 774;     122
 775;     123
 776;     102
 777;     122
 778;     111
 779;     118
 780;     145
 781;     124
 782;     140
 783;     134
 784;     137
 785;     131
 786;     144
 787;     153
 788;     136
 789;     155
 790;     150
 791;     109
 792;     122
 793;     126
 794;     129
 795;     111
 796;     116
 797;     123
 798;     113
 799;     100
 800;     123
 801;     129
 802;     110
 803;     110
 804;      98
 805;     108
 806;      93
 807;     120
 808;      93
 809;     105
 810;      96
 811;      94
 812;     128
 813;      78
 814;     120
 815;     131
 816;      96
 817;     125
 818;     100
 819;     113
 820;      93
 821;     104
 822;     116
 823;     116
 824;     117
 825;     116
 826;     119
 827;     142
 828;      95
 829;     108
 830;      93
 831;     109
 832;     106
 833;      93
 834;     106
 835;     100
 836;     112
 837;      84
 838;      95
 839;      97
 840;      93
 841;     115
 842;     103
 843;     101
 844;      93
 845;     112
 846;      92
 847;     113
 848;     105
 849;     101
 850;      88
 851;      99
 852;     123
 853;     105
 854;     113
 855;     106
 856;      89
 857;      95
 858;     112
 859;     110
 860;      93
 861;     110
 862;     117
 863;     123
 864;     122
 865;     101
 866;     119
 867;     105
 868;     106
 869;     120
 870;     119
 871;     121
 872;     112
 873;      99
 874;      95
 875;      94
 876;     101
 877;     127
 878;     125
 879;     105
 880;     102
 881;     124
 882;     111
 883;      93
 884;     115
 885;      98
 886;     100
 887;     114
 888;     108
 889;     112
 890;     122
 891;     104
 892;     100
 893;     108
 894;     136
 895;     105
 896;     126
 897;     133
 898;     124
 899;     115
 900;     137
 901;     131
 902;     132
 903;     124
 904;     143
 905;     142
 906;     135
 907;     157
 908;     144
 909;     152
 910;     152
 911;     160
 912;     154
 913;     170
 914;     157
 915;     154
 916;     178
 917;     182
 918;     209
 919;     185
 920;     235
 921;     224
 922;     230
 923;     253
 924;     242
 925;     320
 926;     283
 927;     291
 928;     300
 929;     321
 930;     345
 931;     367
 932;     343
 933;     328
 934;     362
 935;     356
 936;     390
 937;     351
 938;     379
 939;     417
 940;     371
 941;     348
 942;     336
 943;     400
 944;     371
 945;     341
 946;     331
 947;     385
 948;     347
 949;     291
 950;     331
 951;     309
 952;     328
 953;     300
 954;     269
 955;     294
 956;     241
 957;     273
 958;     216
 959;     220
 960;     246
 961;     240
 962;     226
 963;     212
 964;     161
 965;     175
 966;     179
 967;     163
 968;     157
 969;     143
 970;     151
 971;     150
 972;     134
 973;     150
 974;     145
 975;     118
 976;     114
 977;     122
 978;     113
 979;     136
 980;     118
 981;     110
 982;     105
 983;     117
 984;     110
 985;     100
 986;      96
 987;      84
 988;     105
 989;      88
 990;     111
 991;      89
 992;     104
 993;     113
 994;     128
 995;     147
 996;     174
 997;     148
 998;     170
 999;     169
1000;     201
1001;     219
1002;     197
1003;     217
1004;     248
1005;     214
1006;     225
1007;     227
1008;     222
1009;     211
1010;     213
1011;     183
1012;     159
1013;     147
1014;     137
1015;     149
1016;     108
1017;     107
1018;     109
1019;      96
1020;     109
1021;      88
1022;     109
1023;      89
1024;     100
1025;     108
1026;     100
1027;     109
1028;      94
1029;     118
1030;     104
1031;     108
1032;     103
1033;      99
1034;      91
1035;     112
1036;     114
1037;     114
1038;     117
1039;     129
1040;     153
1041;     142
1042;     142
1043;     174
1044;     157
1045;     156
1046;     171
1047;     194
1048;     199
1049;     193
1050;     185
1051;     204
1052;     209
1053;     221
1054;     213
1055;     222
1056;     227
1057;     202
1058;     188
1059;     170
1060;     170
1061;     177
1062;     171
1063;     137
1064;     127
1065;     112
1066;     134
1067;     112
1068;     109
1069;     107
1070;      91
1071;      89
1072;      96
1073;      95
1074;      80
1075;      87
1076;      81
1077;      97
1078;      91
1079;      75
1080;      80
1081;      76
1082;      83
1083;      73
1084;      90
1085;      74
1086;      81
1087;      64
1088;      79
1089;      66
1090;      68
1091;      66
1092;      70
1093;      67
1094;      71
1095;      78
1096;      84
1097;      68
1098;      68
1099;      74
1100;      61
1101;      69
1102;      69
1103;      69
1104;      59
1105;      60
1106;      78
1107;      76
1108;      60
1109;      56
1110;      55
1111;      64
1112;      47
1113;      69
1114;      66
1115;      69
1116;      58
1117;      75
1118;      54
1119;      53
1120;      62
1121;      75
1122;      59
1123;      73
1124;      56
1125;      83
1126;      74
1127;      91
1128;      62
1129;      87
1130;      84
1131;      88
1132;      81
1133;      95
1134;      77
1135;      76
1136;      75
1137;      74
1138;      64
1139;      75
1140;      59
1141;      63
1142;      65
1143;      52
1144;      54
1145;      60
1146;      59
1147;      43
1148;      41
1149;      81
1150;      49
1151;      59
1152;      68
1153;      47
1154;      72
1155;      59
1156;      61
1157;      63
1158;      67
1159;      60
1160;      56
1161;      70
1162;      53
1163;      56
1164;      56
1165;      50
1166;      47
1167;      58
1168;      55
1169;      56
1170;      52
1171;      50
1172;      47
1173;      55
1174;      60
1175;      61
1176;      59
1177;      46
1178;      78
1179;      46
1180;      73
1181;      66
1182;      63
1183;      60
1184;      67
1185;      63
1186;      71
1187;      73
1188;      62
1189;      77
1190;      73
1191;      64
1192;      56
1193;      49
1194;      62
1195;      58
1196;      63
1197;      54
1198;      52
1199;      48
1200;      47
1201;      41
1202;      56
1203;      53
1204;      46
1205;      58
1206;      53
1207;      51
1208;      55
1209;      57
1210;      44
1211;      42
1212;      49
1213;      58
1214;      44
1215;      52
1216;      59
1217;      54
1218;      71
1219;      50
1220;      65
1221;      29
1222;      38
1223;      43
1224;      44
1225;      43
1226;      45
1227;      51
1228;      51
1229;      43
1230;      47
1231;      53
1232;      54
1233;      50
1234;      36
1235;      40
1236;      46
1237;      40
1238;      33
1239;      49
1240;      49
1241;      39
1242;      54
1243;      46
1244;      51
1245;      41
1246;      55
1247;      39
1248;      36
1249;      42
1250;      63
1251;      36
1252;      40
1253;      42
1254;      55
1255;      46
1256;      37
1257;      40
1258;      44
1259;      45
1260;      52
1261;      53
1262;      55
1263;      48
1264;      45
1265;      49
1266;      48
1267;      54
1268;      43
1269;      54
1270;      31
1271;      49
1272;      47
1273;      38
1274;      40
1275;      50
1276;      48
1277;      39
1278;      43
1279;      31
1280;      54
1281;      44
1282;      32
1283;      45
1284;      53
1285;      38
1286;      45
1287;      40
1288;      38
1289;      45
1290;      40
1291;      45
1292;      56
1293;      35
1294;      33
1295;      37
1296;      35
1297;      42
1298;      37
1299;      36
1300;      45
1301;      33
1302;      40
1303;      38
1304;      34
1305;      27
1306;      31
1307;      42
1308;      23
1309;      41
1310;      48
1311;      35
1312;      39
1313;      45
1314;      31
1315;      41
1316;      40
1317;      22
1318;      44
1319;      37
1320;      46
1321;      36
1322;      32
1323;      34
1324;      25
1325;      32
1326;      43
1327;      38
1328;      42
1329;      37
1330;      30
1331;      39
1332;      40
1333;      35
1334;      38
1335;      30
1336;      34
1337;      35
1338;      36
1339;      32
1340;      28
1341;      29
1342;      43
1343;      35
1344;      34
1345;      33
1346;      38
1347;      32
1348;      31
1349;      44
1350;      37
1351;      40
1352;      26
1353;      30
1354;      31
1355;      35
1356;      45
1357;      39
1358;      39
1359;      30
1360;      48
1361;      44
1362;      31
1363;      39
1364;      39
1365;      25
1366;      30
1367;      33
1368;      37
1369;      30
1370;      34
1371;      36
1372;      38
1373;      38
1374;      30
1375;      40
1376;      29
1377;      27
1378;      35
1379;      25
1380;      32
1381;      24
1382;      31
1383;      38
1384;      27
1385;      28
1386;      40
1387;      34
1388;      35
1389;      28
1390;      31
1391;      34
1392;      23
1393;      30
1394;      25
1395;      22
1396;      25
1397;      34
1398;      27
1399;      24
1400;      21
1401;      44
1402;      30
1403;      26
1404;      30
1405;      34
1406;      25
1407;      30
1408;      34
1409;      29
1410;      20
1411;      33
1412;      24
1413;      25
1414;      24
1415;      24
1416;      33
1417;      27
1418;      24
1419;      36
1420;      28
1421;      26
1422;      26
1423;      36
1424;      20
1425;      32
1426;      21
1427;      24
1428;      32
1429;      27
1430;      20
1431;      36
1432;      32
1433;      26
1434;      23
1435;      28
1436;      35
1437;      29
1438;      21
1439;      21
1440;      21
1441;      29
1442;      23
1443;      29
1444;      28
1445;      29
1446;      25
1447;      19
1448;      26
1449;      22
1450;      27
1451;      20
1452;      23
1453;      25
1454;      21
1455;      26
1456;      17
1457;      28
1458;      20
1459;      23
1460;      19
1461;      17
1462;      29
1463;      29
1464;      30
1465;      20
1466;      26
1467;      17
1468;      22
1469;      27
1470;      20
1471;      20
1472;      25
1473;      25
1474;      25
1475;      21
1476;      23
1477;      26
1478;      34
1479;      21
1480;      27
1481;      27
1482;      20
1483;      26
1484;      25
1485;      17
1486;      19
1487;      22
1488;      20
1489;      27
1490;      15
1491;      29
1492;      24
1493;      24
1494;      17
1495;      21
1496;      24
1497;      26
1498;      24
1499;      21
1500;      24
1501;      28
1502;      21
1503;      17
1504;      20
1505;      18
1506;      21
1507;      20
1508;      21
1509;      16
1510;      20
1511;      12
1512;      19
1513;      12
1514;      27
1515;      13
1516;      20
1517;      16
1518;      21
1519;      12
1520;      15
1521;      14
1522;      17
1523;      21
1524;      20
1525;      13
1526;      17
1527;      17
1528;      16
1529;      16
1530;      19
1531;      19
1532;      23
1533;      18
1534;      16
1535;      19
1536;      18
1537;      15
1538;      21
1539;      16
1540;      13
1541;      21
1542;      17
1543;      12
1544;      20
1545;      20
1546;      24
1547;      19
1548;      13
1549;      17
1550;      21
1551;      23
1552;      20
1553;       9
1554;       9
1555;      19
1556;      11
1557;      13
1558;      17
1559;      16
1560;      27
1561;       4
1562;       8
1563;      21
1564;      12
1565;      13
1566;      14
1567;      19
1568;      17
1569;      10
1570;      11
1571;      14
1572;      13
1573;      19
1574;      13
1575;      11
1576;      13
1577;      12
1578;      14
1579;      12
1580;      16
1581;      14
1582;      12
1583;      23
1584;      12
1585;      13
1586;      15
1587;      18
1588;      17
1589;      11
1590;       5
1591;      15
1592;       8
1593;      16
1594;      14
1595;      16
1596;      10
1597;      12
1598;      12
1599;      20
1600;      15
1601;      14
1602;      17
1603;      15
1604;      13
1605;      11
1606;      17
1607;      11
1608;      10
1609;      13
1610;      19
1611;      18
1612;      11
1613;      12
1614;      11
1615;      15
1616;      10
1617;      15
1618;      10
1619;      14
1620;       7
1621;      14
1622;      11
1623;       8
1624;      10
1625;      10
1626;      11
1627;      14
1628;      14
1629;      10
1630;      11
1631;      14
1632;      14
1633;       8
1634;      11
1635;      11
1636;      13
1637;      13
1638;      10
1639;      10
1640;       9
1641;      10
1642;       5
1643;      13
1644;       8
1645;      10
1646;       8
1647;      10
1648;       8
1649;      11
1650;       8
1651;       4
1652;       8
1653;       9
1654;       3
1655;       6
1656;      14
1657;       6
1658;       7
1659;       8
1660;      10
1661;      12
1662;       5
1663;      10
1664;       9
1665;      10
1666;       8
1667;       7
1668;       4
1669;       5
1670;       3
1671;       3
1672;       8
1673;       7
1674;       7
1675;       6
1676;       7
1677;       7
1678;       5
1679;       2
1680;       6
1681;       8
1682;       9
1683;       4
1684;       6
1685;       7
1686;       2
1687;       5
1688;       8
1689;       1
1690;       4
1691;       9
1692;       7
1693;       7
1694;       1
1695;      10
1696;       5
1697;       7
1698;       7
1699;       4
1700;       6
1701;       3
1702;       2
1703;       2
1704;       6
1705;       7
1706;       2
1707;       4
1708;       6
1709;       5
1710;       3
1711;       4
1712;       3
1713;       3
1714;       4
1715;       3
1716;       1
1717;       7
1718;       2
1719;       2
1720;       2
1721;       3
1722;       4
1723;       2
1724;       0
1725;       3
1726;       3
1727;       3
1728;       2
1729;       3
1730;       1
1731;       2
1732;       0
1733;       5
1734;       1
1735;       2
1736;       4
1737;       2
1738;       2
1739;       3
1740;       1
1741;       2
1742;       2
1743;       3
1744;       3
1745;       2
1746;       6
1747;       0
1748;       1
1749;       3
1750;       1
1751;       6
1752;       4
1753;       2
1754;       1
1755;       3
1756;       1
1757;       2
1758;       2
1759;       0
1760;       1
1761;       1
1762;       2
1763;       1
1764;       0
1765;       0
1766;       1
1767;       1
1768;       1
1769;       1
1770;       3
1771;       1
1772;       2
1773;       0
1774;       2
1775;       0
1776;       0
1777;       1
1778;       1
1779;       1
1780;       0
1781;       0
1782;       0
1783;       0
1784;       0
1785;       1
1786;       2
1787;       1
1788;       2
1789;       1
1790;       0
1791;       0
1792;       1
1793;       1
1794;       1
1795;       0
1796;       1
1797;       1
1798;       1
1799;       2
1800;       1
1801;       0
1802;       2
1803;       1
1804;       0
1805;       0
1806;       0
1807;       0
1808;       0
1809;       0
1810;       3
1811;       0
1812;       0
1813;       1
1814;       0
1815;       2
1816;       1
1817;       0
1818;       0
1819;       0
1820;       0
1821;       0
1822;       0
1823;       2
1824;       0
1825;       0
1826;       2
1827;       1
1828;       0
1829;       0
1830;       0
1831;       1
1832;       0
1833;       0
1834;       0
1835;       0
1836;       0
1837;       1
1838;       0
1839;       0
1840;       2
1841;       1
1842;       0
1843;       0
1844;       0
1845;       2
1846;       0
1847;       1
1848;       1
1849;       0
1850;       0
1851;       0
1852;       0
1853;       0
1854;       1
1855;       2
1856;       0
1857;       1
1858;       1
1859;       0
1860;       1
1861;       1
1862;       0
1863;       0
1864;       0
1865;       1
1866;       0
1867;       0
1868;       0
1869;       2
1870;       0
1871;       0
1872;       0
1873;       0
1874;       1
1875;       0
1876;       0
1877;       0
1878;       0
1879;       1
1880;       0
1881;       0
1882;       0
1883;       1
1884;       2
1885;       2
1886;       0
1887;       1
1888;       0
1889;       0
1890;       0
1891;       0
1892;       0
1893;       0
1894;       0
1895;       0
1896;       0
1897;       0
1898;       0
1899;       0
1900;       0
1901;       0
1902;       0
1903;       0
1904;       0
1905;       0
1906;       0
1907;       0
1908;       0
1909;       0
1910;       1
1911;       0
1912;       0
1913;       0
1914;       1
1915;       0
1916;       0
1917;       0
1918;       0
1919;       0
1920;       0
1921;       0
1922;       0
1923;       0
1924;       0
1925;       0
1926;       0
1927;       2
1928;       0
1929;       0
1930;       1
1931;       0
1932;       1
1933;       1
1934;       0
1935;       0
1936;       0
1937;       1
1938;       0
1939;       0
1940;       1
1941;       0
1942;       0
1943;       0
1944;       0
1945;       0
1946;       0
1947;       0
1948;       0
1949;       0
1950;       0
1951;       0
1952;       0
1953;       1
1954;       0
1955;       0
1956;       0
1957;       0
1958;       0
1959;       0
1960;       0
1961;       0
1962;       0
1963;       0
1964;       0
1965;       0
1966;       0
1967;       0
1968;       0
1969;       1
1970;       0
1971;       0
1972;       0
1973;       0
1974;       0
1975;       0
1976;       0
1977;       0
1978;       0
1979;       1
1980;       0
1981;       0
1982;       0
1983;       0
1984;       0
1985;       0
1986;       0
1987;       0
1988;       0
1989;       0
1990;       0
1991;       0
1992;       0
1993;       0
1994;       0
1995;       0
1996;       0
1997;       0
1998;       0
1999;       0
2000;       0
2001;       0
2002;       0
2003;       0
2004;       0
2005;       0
2006;       0
2007;       0
2008;       0
2009;       0
2010;       0
2011;       0
2012;       0
2013;       0
2014;       0
2015;       0
2016;       0
2017;       0
2018;       0
2019;       0
2020;       0
2021;       0
2022;       1
2023;       0
2024;       0
2025;       0
2026;       0
2027;       0
2028;       0
2029;       0
2030;       0
2031;       0
2032;       0
2033;       0
2034;       0
2035;       0
2036;       0
2037;       0
2038;       0
2039;       0
2040;       0
2041;       0
2042;       0
2043;       0
2044;       0
2045;       0
2046;       0
2047;       0
