   0;     893
   1;     703
   2;     517
   3;     274
   4;     129
   5;      41
   6;      13
   7;       0
   8;       3
   9;       0
  10;       1
  11;       0
  12;       0
  13;       0
  14;       0
  15;       0
  16;       0
  17;       0
  18;       0
  19;       0
  20;       0
  21;       0
  22;       0
  23;       0
  24;       0
  25;       0
  26;       0
  27;       0
  28;       0
  29;       2
  30;      30
  31;      58
  32;      88
  33;     105
  34;      95
  35;      95
  36;      93
  37;      98
  38;     109
  39;      97
  40;      95
  41;     100
  42;     112
  43;     101
  44;     120
  45;     105
  46;     100
  47;     106
  48;      98
  49;     118
  50;     116
  51;     109
  52;     107
  53;     117
  54;      91
  55;     120
  56;      93
  57;     104
  58;     109
  59;      92
  60;     110
  61;      98
  62;      89
  63;     105
  64;      86
  65;      94
  66;      83
  67;     108
  68;      79
  69;      90
  70;     107
  71;     103
  72;     117
  73;     117
  74;     118
  75;      94
  76;      80
  77;      98
  78;     115
  79;      83
  80;     105
  81;      98
  82;      85
  83;      91
  84;     113
  85;     126
  86;     116
  87;     135
  88;     135
  89;     132
  90;     111
  91;     102
  92;     105
  93;     131
  94;     167
  95;     150
  96;     167
  97;     162
  98;     176
  99;     177
 100;     177
 101;     152
 102;     128
 103;     108
 104;     125
 105;     126
 106;     130
 107;     143
 108;     146
 109;     181
 110;     230
 111;     325
 112;     417
 113;     518
 114;     623
 115;     678
 116;     681
 117;     718
 118;     611
 119;     516
 120;     460
 121;     418
 122;     367
 123;     346
 124;     295
 125;     307
 126;     285
 127;     291
 128;     348
 129;     463
 130;     642
 131;     858
 132;    1031
 133;    1275
 134;    1421
 135;    1400
 136;    1303
 137;    1158
 138;    1043
 139;    1076
 140;     994
 141;    1099
 142;    1115
 143;    1167
 144;    1305
 145;    1342
 146;    1533
 147;    1597
 148;    1486
 149;    1326
 150;    1005
 151;     820
 152;     578
 153;     460
 154;     352
 155;     301
 156;     320
 157;     381
 158;     346
 159;     367
 160;     398
 161;     358
 162;     380
 163;     433
 164;     436
 165;     397
 166;     404
 167;     389
 168;     372
 169;     323
 170;     264
 171;     260
 172;     270
 173;     269
 174;     288
 175;     398
 176;     580
 177;     845
 178;    1463
 179;    2461
 180;    3907
 181;    5549
 182;    7374
 183;    8570
 184;    8905
 185;    8233
 186;    6910
 187;    5138
 188;    3542
 189;    2183
 190;    1264
 191;     744
 192;     513
 193;     454
 194;     547
 195;     644
 196;     826
 197;    1114
 198;    1358
 199;    1507
 200;    1570
 201;    1549
 202;    1343
 203;    1051
 204;     816
 205;     547
 206;     426
 207;     309
 208;     274
 209;     236
 210;     218
 211;     252
 212;     240
 213;     255
 214;     262
 215;     317
 216;     391
 217;     514
 218;     765
 219;    1197
 220;    1664
 221;    2436
 222;    3123
 223;    3830
 224;    4124
 225;    4115
 226;    3842
 227;    3013
 228;    2330
 229;    1671
 230;    1094
 231;     672
 232;     494
 233;     344
 234;     305
 235;     320
 236;     372
 237;     404
 238;     463
 239;     593
 240;     713
 241;     790
 242;     927
 243;    1067
 244;    1083
 245;    1164
 246;    1076
 247;    1075
 248;     900
 249;     721
 250;     576
 251;     471
 252;     421
 253;     307
 254;     357
 255;     353
 256;     389
 257;     396
 258;     390
 259;     384
 260;     355
 261;     373
 262;     450
 263;     584
 264;     779
 265;    1138
 266;    1592
 267;    1990
 268;    2360
 269;    2542
 270;    2671
 271;    2462
 272;    2181
 273;    1671
 274;    1275
 275;     897
 276;     704
 277;     528
 278;     400
 279;     367
 280;     306
 281;     305
 282;     282
 283;     288
 284;     312
 285;     317
 286;     294
 287;     341
 288;     375
 289;     356
 290;     377
 291;     432
 292;     517
 293;     548
 294;     653
 295;     658
 296;     706
 297;     688
 298;     649
 299;     597
 300;     506
 301;     454
 302;     375
 303;     359
 304;     326
 305;     342
 306;     364
 307;     355
 308;     402
 309;     412
 310;     469
 311;     524
 312;     672
 313;     809
 314;     970
 315;    1261
 316;    1387
 317;    1684
 318;    1743
 319;    1909
 320;    1732
 321;    1561
 322;    1270
 323;     978
 324;     804
 325;     601
 326;     493
 327;     397
 328;     358
 329;     307
 330;     321
 331;     365
 332;     343
 333;     341
 334;     360
 335;     356
 336;     324
 337;     389
 338;     390
 339;     390
 340;     417
 341;     405
 342;     449
 343;     491
 344;     499
 345;     509
 346;     508
 347;     526
 348;     564
 349;     527
 350;     610
 351;     588
 352;     582
 353;     577
 354;     533
 355;     530
 356;     565
 357;     545
 358;     586
 359;     584
 360;     655
 361;     661
 362;     698
 363;     728
 364;     753
 365;     804
 366;     894
 367;     974
 368;     998
 369;    1137
 370;    1229
 371;    1256
 372;    1359
 373;    1197
 374;    1169
 375;    1010
 376;     848
 377;     681
 378;     542
 379;     477
 380;     404
 381;     373
 382;     318
 383;     302
 384;     321
 385;     299
 386;     278
 387;     282
 388;     272
 389;     337
 390;     286
 391;     304
 392;     286
 393;     324
 394;     324
 395;     353
 396;     321
 397;     337
 398;     343
 399;     424
 400;     390
 401;     411
 402;     407
 403;     375
 404;     366
 405;     412
 406;     385
 407;     371
 408;     401
 409;     398
 410;     417
 411;     438
 412;     427
 413;     379
 414;     359
 415;     343
 416;     339
 417;     338
 418;     311
 419;     336
 420;     350
 421;     319
 422;     380
 423;     449
 424;     576
 425;     665
 426;     784
 427;     966
 428;    1041
 429;    1209
 430;    1227
 431;    1184
 432;    1109
 433;     967
 434;     833
 435;     699
 436;     555
 437;     461
 438;     397
 439;     338
 440;     315
 441;     273
 442;     289
 443;     273
 444;     298
 445;     278
 446;     300
 447;     279
 448;     314
 449;     305
 450;     307
 451;     336
 452;     345
 453;     410
 454;     494
 455;     491
 456;     521
 457;     538
 458;     582
 459;     547
 460;     562
 461;     483
 462;     447
 463;     378
 464;     385
 465;     341
 466;     331
 467;     302
 468;     287
 469;     294
 470;     285
 471;     366
 472;     341
 473;     346
 474;     400
 475;     417
 476;     400
 477;     389
 478;     377
 479;     378
 480;     376
 481;     362
 482;     369
 483;     279
 484;     307
 485;     283
 486;     254
 487;     252
 488;     278
 489;     321
 490;     268
 491;     255
 492;     283
 493;     298
 494;     290
 495;     302
 496;     288
 497;     290
 498;     288
 499;     268
 500;     298
 501;     266
 502;     281
 503;     291
 504;     302
 505;     298
 506;     326
 507;     273
 508;     291
 509;     296
 510;     336
 511;     345
 512;     353
 513;     420
 514;     533
 515;     621
 516;     794
 517;    1059
 518;    1400
 519;    1875
 520;    2489
 521;    3004
 522;    3799
 523;    4343
 524;    4883
 525;    5153
 526;    5289
 527;    4889
 528;    4595
 529;    3896
 530;    3257
 531;    2427
 532;    1768
 533;    1418
 534;     980
 535;     748
 536;     504
 537;     362
 538;     363
 539;     303
 540;     292
 541;     297
 542;     276
 543;     269
 544;     255
 545;     234
 546;     201
 547;     242
 548;     276
 549;     269
 550;     236
 551;     245
 552;     281
 553;     251
 554;     247
 555;     235
 556;     254
 557;     252
 558;     263
 559;     249
 560;     291
 561;     275
 562;     286
 563;     292
 564;     299
 565;     354
 566;     278
 567;     293
 568;     291
 569;     277
 570;     268
 571;     242
 572;     259
 573;     254
 574;     243
 575;     236
 576;     229
 577;     246
 578;     224
 579;     244
 580;     253
 581;     233
 582;     235
 583;     236
 584;     238
 585;     229
 586;     257
 587;     263
 588;     245
 589;     249
 590;     208
 591;     252
 592;     272
 593;     244
 594;     262
 595;     223
 596;     226
 597;     263
 598;     273
 599;     250
 600;     260
 601;     281
 602;     302
 603;     303
 604;     358
 605;     313
 606;     353
 607;     381
 608;     363
 609;     380
 610;     426
 611;     389
 612;     448
 613;     403
 614;     466
 615;     431
 616;     447
 617;     453
 618;     481
 619;     607
 620;     689
 621;     902
 622;    1183
 623;    1537
 624;    1931
 625;    2311
 626;    2816
 627;    3158
 628;    3281
 629;    3407
 630;    3194
 631;    3021
 632;    2720
 633;    2204
 634;    1967
 635;    1472
 636;    1178
 637;     931
 638;     734
 639;     614
 640;     518
 641;     457
 642;     429
 643;     321
 644;     339
 645;     318
 646;     309
 647;     333
 648;     323
 649;     308
 650;     295
 651;     286
 652;     311
 653;     260
 654;     281
 655;     230
 656;     216
 657;     219
 658;     183
 659;     194
 660;     216
 661;     181
 662;     197
 663;     202
 664;     177
 665;     199
 666;     205
 667;     172
 668;     199
 669;     193
 670;     200
 671;     185
 672;     156
 673;     174
 674;     159
 675;     151
 676;     170
 677;     160
 678;     149
 679;     157
 680;     169
 681;     191
 682;     168
 683;     145
 684;     164
 685;     179
 686;     160
 687;     172
 688;     173
 689;     172
 690;     148
 691;     149
 692;     152
 693;     169
 694;     178
 695;     182
 696;     176
 697;     181
 698;     200
 699;     195
 700;     215
 701;     225
 702;     231
 703;     239
 704;     269
 705;     237
 706;     276
 707;     255
 708;     223
 709;     223
 710;     239
 711;     199
 712;     220
 713;     195
 714;     178
 715;     170
 716;     170
 717;     158
 718;     176
 719;     145
 720;     132
 721;     164
 722;     145
 723;     158
 724;     168
 725;     176
 726;     168
 727;     178
 728;     220
 729;     269
 730;     336
 731;     320
 732;     408
 733;     451
 734;     483
 735;     497
 736;     473
 737;     475
 738;     485
 739;     417
 740;     372
 741;     353
 742;     287
 743;     256
 744;     232
 745;     215
 746;     189
 747;     213
 748;     173
 749;     177
 750;     183
 751;     209
 752;     200
 753;     216
 754;     241
 755;     207
 756;     238
 757;     204
 758;     233
 759;     220
 760;     215
 761;     199
 762;     182
 763;     156
 764;     163
 765;     159
 766;     111
 767;     127
 768;     139
 769;     106
 770;     127
 771;     135
 772;     122
 773;     138
 774;     120
 775;     140
 776;      93
 777;     105
 778;     117
 779;     126
 780;     118
 781;     135
 782;     133
 783;     139
 784;     140
 785;     146
 786;     143
 787;     143
 788;     164
 789;     124
 790;     142
 791;     152
 792;     131
 793;     137
 794;     128
 795;     127
 796;     120
 797;     106
 798;     121
 799;     126
 800;     111
 801;     113
 802;     107
 803;     110
 804;     102
 805;     102
 806;      97
 807;     105
 808;     101
 809;     113
 810;     105
 811;     101
 812;     105
 813;     101
 814;     121
 815;      92
 816;     114
 817;     127
 818;     133
 819;     135
 820;     133
 821;     157
 822;     152
 823;     143
 824;     150
 825;     150
 826;     173
 827;     153
 828;     178
 829;     166
 830;     143
 831;     140
 832;     121
 833;     126
 834;     105
 835;     112
 836;     103
 837;     133
 838;     104
 839;      98
 840;     108
 841;      97
 842;      86
 843;      84
 844;     111
 845;     102
 846;      94
 847;      92
 848;      89
 849;      98
 850;     105
 851;      98
 852;      99
 853;     100
 854;      98
 855;     110
 856;     104
 857;     116
 858;     126
 859;     148
 860;     148
 861;     159
 862;     185
 863;     194
 864;     221
 865;     219
 866;     255
 867;     264
 868;     290
 869;     318
 870;     276
 871;     269
 872;     279
 873;     226
 874;     237
 875;     226
 876;     190
 877;     168
 878;     142
 879;     134
 880;     119
 881;     118
 882;     101
 883;     113
 884;      97
 885;      96
 886;      90
 887;      95
 888;     111
 889;      86
 890;     104
 891;      83
 892;      86
 893;      84
 894;      99
 895;      98
 896;     100
 897;      89
 898;      98
 899;     110
 900;     110
 901;     112
 902;      92
 903;     112
 904;     108
 905;     118
 906;     103
 907;     104
 908;     119
 909;     112
 910;     121
 911;     130
 912;     126
 913;     111
 914;     119
 915;     127
 916;     127
 917;     131
 918;     123
 919;     159
 920;     158
 921;     161
 922;     162
 923;     151
 924;     205
 925;     196
 926;     228
 927;     235
 928;     210
 929;     252
 930;     246
 931;     257
 932;     244
 933;     249
 934;     273
 935;     260
 936;     296
 937;     288
 938;     274
 939;     330
 940;     275
 941;     278
 942;     282
 943;     304
 944;     311
 945;     355
 946;     315
 947;     305
 948;     283
 949;     267
 950;     245
 951;     258
 952;     249
 953;     259
 954;     209
 955;     253
 956;     212
 957;     175
 958;     184
 959;     185
 960;     186
 961;     207
 962;     155
 963;     154
 964;     163
 965;     164
 966;     135
 967;     138
 968;     145
 969;     137
 970;     118
 971;     134
 972;     107
 973;     119
 974;     123
 975;     124
 976;     110
 977;      98
 978;     110
 979;     110
 980;     118
 981;     110
 982;     109
 983;     123
 984;      81
 985;      85
 986;      89
 987;      70
 988;      75
 989;      74
 990;      80
 991;      81
 992;      91
 993;      91
 994;     101
 995;     111
 996;     103
 997;     111
 998;     107
 999;     118
1000;     154
1001;     143
1002;     178
1003;     152
1004;     166
1005;     157
1006;     181
1007;     156
1008;     152
1009;     146
1010;     153
1011;     130
1012;     125
1013;     107
1014;     104
1015;      73
1016;      69
1017;      68
1018;      62
1019;      66
1020;      55
1021;      63
1022;      53
1023;      58
1024;      61
1025;      52
1026;      61
1027;      63
1028;      49
1029;      48
1030;      50
1031;      56
1032;      57
1033;      54
1034;      72
1035;      75
1036;      72
1037;      70
1038;      80
1039;      71
1040;      75
1041;      97
1042;      82
1043;      83
1044;      95
1045;     107
1046;      97
1047;     109
1048;     124
1049;     134
1050;     123
1051;     136
1052;     114
1053;     126
1054;     116
1055;     120
1056;      91
1057;     119
1058;     106
1059;     108
1060;     111
1061;     105
1062;      90
1063;      98
1064;      79
1065;      85
1066;      79
1067;      93
1068;      65
1069;      69
1070;      80
1071;      71
1072;      54
1073;      59
1074;      75
1075;      56
1076;      67
1077;      62
1078;      41
1079;      47
1080;      52
1081;      52
1082;      54
1083;      60
1084;      42
1085;      40
1086;      47
1087;      51
1088;      44
1089;      45
1090;      42
1091;      57
1092;      43
1093;      48
1094;      49
1095;      43
1096;      37
1097;      42
1098;      42
1099;      53
1100;      46
1101;      36
1102;      43
1103;      49
1104;      47
1105;      42
1106;      40
1107;      37
1108;      42
1109;      45
1110;      30
1111;      39
1112;      36
1113;      34
1114;      41
1115;      31
1116;      26
1117;      37
1118;      27
1119;      29
1120;      42
1121;      35
1122;      33
1123;      37
1124;      44
1125;      36
1126;      43
1127;      34
1128;      39
1129;      33
1130;      37
1131;      55
1132;      57
1133;      32
1134;      50
1135;      49
1136;      37
1137;      30
1138;      42
1139;      45
1140;      33
1141;      38
1142;      40
1143;      33
1144;      33
1145;      27
1146;      40
1147;      29
1148;      33
1149;      28
1150;      33
1151;      31
1152;      36
1153;      38
1154;      36
1155;      37
1156;      31
1157;      36
1158;      36
1159;      24
1160;      36
1161;      27
1162;      32
1163;      30
1164;      40
1165;      26
1166;      39
1167;      28
1168;      33
1169;      34
1170;      20
1171;      28
1172;      24
1173;      34
1174;      26
1175;      27
1176;      28
1177;      23
1178;      43
1179;      33
1180;      29
1181;      35
1182;      20
1183;      37
1184;      34
1185;      40
1186;      43
1187;      28
1188;      42
1189;      47
1190;      34
1191;      43
1192;      39
1193;      34
1194;      29
1195;      19
1196;      26
1197;      38
1198;      26
1199;      35
1200;      18
1201;      26
1202;      32
1203;      18
1204;      23
1205;      34
1206;      25
1207;      23
1208;      19
1209;      22
1210;      30
1211;      28
1212;      20
1213;      26
1214;      28
1215;      22
1216;      23
1217;      23
1218;      23
1219;      31
1220;      23
1221;      23
1222;      21
1223;      28
1224;      23
1225;      21
1226;      27
1227;      25
1228;      20
1229;      20
1230;      24
1231;      23
1232;      34
1233;      23
1234;      15
1235;      30
1236;      23
1237;      19
1238;      26
1239;      27
1240;      19
1241;      19
1242;      15
1243;      16
1244;      22
1245;      20
1246;      28
1247;      32
1248;      21
1249;      20
1250;      27
1251;      28
1252;      22
1253;      27
1254;      26
1255;      23
1256;      28
1257;      15
1258;      21
1259;      31
1260;      19
1261;      25
1262;      17
1263;      16
1264;      21
1265;      24
1266;      21
1267;      21
1268;      24
1269;      18
1270;      19
1271;      17
1272;      14
1273;      19
1274;      18
1275;      34
1276;      16
1277;      26
1278;      22
1279;      24
1280;      23
1281;      23
1282;      18
1283;      32
1284;      13
1285;      17
1286;      21
1287;      21
1288;      17
1289;      26
1290;      26
1291;      20
1292;      16
1293;      18
1294;      29
1295;      18
1296;      20
1297;      25
1298;      14
1299;      24
1300;      25
1301;      22
1302;      23
1303;      10
1304;      25
1305;      22
1306;      25
1307;      18
1308;      18
1309;      27
1310;      25
1311;      16
1312;      20
1313;      23
1314;      21
1315;      22
1316;      23
1317;      23
1318;      18
1319;      22
1320;      25
1321;      18
1322;      18
1323;      21
1324;      14
1325;      18
1326;      23
1327;       9
1328;      17
1329;      18
1330;      20
1331;      21
1332;      16
1333;      22
1334;      16
1335;      19
1336;      14
1337;      17
1338;      18
1339;      12
1340;      13
1341;      18
1342;      18
1343;      18
1344;      19
1345;      15
1346;      20
1347;      17
1348;      16
1349;      25
1350;      15
1351;      14
1352;      26
1353;      16
1354;      13
1355;      14
1356;      22
1357;      15
1358;      16
1359;      14
1360;      17
1361;      16
1362;       9
1363;      15
1364;      17
1365;      11
1366;      14
1367;      11
1368;      15
1369;      16
1370;      18
1371;      17
1372;      15
1373;      21
1374;      20
1375;       8
1376;      16
1377;       8
1378;      11
1379;      14
1380;      12
1381;      21
1382;      16
1383;      20
1384;       8
1385;      11
1386;      12
1387;      19
1388;      14
1389;      13
1390;      14
1391;      14
1392;       9
1393;      23
1394;      13
1395;      13
1396;      12
1397;      12
1398;      13
1399;      19
1400;       7
1401;       6
1402;      14
1403;      12
1404;      14
1405;      14
1406;      13
1407;      15
1408;      11
1409;      18
1410;      11
1411;      27
1412;      10
1413;      21
1414;      17
1415;      14
1416;      10
1417;      17
1418;      12
1419;      17
1420;      20
1421;       3
1422;      13
1423;      10
1424;      13
1425;      18
1426;      13
1427;      11
1428;      23
1429;       9
1430;       6
1431;       9
1432;       8
1433;      17
1434;       8
1435;      14
1436;      15
1437;      10
1438;      15
1439;      10
1440;      15
1441;      12
1442;      16
1443;      10
1444;      11
1445;       5
1446;       9
1447;       8
1448;      12
1449;      14
1450;      13
1451;       7
1452;      11
1453;      17
1454;      11
1455;      13
1456;       8
1457;      11
1458;      10
1459;       7
1460;      11
1461;      15
1462;      15
1463;       9
1464;       9
1465;       8
1466;      10
1467;       6
1468;      15
1469;       9
1470;       9
1471;      10
1472;      11
1473;      11
1474;       5
1475;       8
1476;       7
1477;       5
1478;       8
1479;       4
1480;      10
1481;       5
1482;       9
1483;      12
1484;      14
1485;       8
1486;       8
1487;      11
1488;      16
1489;      11
1490;       9
1491;      11
1492;       5
1493;      13
1494;      12
1495;       3
1496;      14
1497;       9
1498;       8
1499;      11
1500;      10
1501;      10
1502;       3
1503;       7
1504;      14
1505;       1
1506;       7
1507;       8
1508;       6
1509;       6
1510;       7
1511;      12
1512;      11
1513;       3
1514;      11
1515;       8
1516;      11
1517;       9
1518;       7
1519;      13
1520;       9
1521;       4
1522;       8
1523;       6
1524;       5
1525;       5
1526;       8
1527;       4
1528;      12
1529;      10
1530;       6
1531;       8
1532;       4
1533;       8
1534;       9
1535;       5
1536;       7
1537;       9
1538;       7
1539;      15
1540;       4
1541;       9
1542;      10
1543;       9
1544;      10
1545;       8
1546;       6
1547;       7
1548;       8
1549;       6
1550;       8
1551;       3
1552;       7
1553;       6
1554;       4
1555;      10
1556;       6
1557;       7
1558;      11
1559;       9
1560;       7
1561;       3
1562;       8
1563;       6
1564;       3
1565;       5
1566;      10
1567;       4
1568;       5
1569;       5
1570;       4
1571;       6
1572;       8
1573;       6
1574;       4
1575;       5
1576;       3
1577;       4
1578;       6
1579;       6
1580;       8
1581;      10
1582;      13
1583;       4
1584;       7
1585;      11
1586;       5
1587;       6
1588;       8
1589;       8
1590;       2
1591;       6
1592;       6
1593;       3
1594;       8
1595;       4
1596;      10
1597;       5
1598;       4
1599;       5
1600;       8
1601;      11
1602;      14
1603;       8
1604;       5
1605;       7
1606;       5
1607;      11
1608;       7
1609;       7
1610;       3
1611;       7
1612;       4
1613;       3
1614;       6
1615;       4
1616;       4
1617;       3
1618;       9
1619;       3
1620;      10
1621;       5
1622;       2
1623;       7
1624;       1
1625;       3
1626;       3
1627;       5
1628;       3
1629;       4
1630;       3
1631;       3
1632;       7
1633;       4
1634;       3
1635;       7
1636;       3
1637;       2
1638;      10
1639;       4
1640;       4
1641;       6
1642;       1
1643;       5
1644;       5
1645;       4
1646;       5
1647;       5
1648;       1
1649;       6
1650;       4
1651;       3
1652;       4
1653;       2
1654;       3
1655;       4
1656;       7
1657;       2
1658;       2
1659;       5
1660;       2
1661;       4
1662;       3
1663;       0
1664;       8
1665;       3
1666;       4
1667;       1
1668;       4
1669;       2
1670;       6
1671;       5
1672;       3
1673;       1
1674;       4
1675;       6
1676;       2
1677;       4
1678;       2
1679;       3
1680;       2
1681;       3
1682;       3
1683;       2
1684;       4
1685;       4
1686;       2
1687;       3
1688;       2
1689;       2
1690;       1
1691;       2
1692;       2
1693;       0
1694;       1
1695;       1
1696;       2
1697;       3
1698;       2
1699;       2
1700;       0
1701;       5
1702;       2
1703;       2
1704;       4
1705;       4
1706;       2
1707;       2
1708;       2
1709;       2
1710;       6
1711;       3
1712;       0
1713;       1
1714;       2
1715;       0
1716;       2
1717;       2
1718;       2
1719;       0
1720;       1
1721;       1
1722;       1
1723;       4
1724;       1
1725;       1
1726;       2
1727;       2
1728;       2
1729;       0
1730;       2
1731;       1
1732;       2
1733;       2
1734;       1
1735;       3
1736;       2
1737;       1
1738;       1
1739;       0
1740;       3
1741;       2
1742;       1
1743;       0
1744;       0
1745;       0
1746;       1
1747;       2
1748;       0
1749;       2
1750;       3
1751;       1
1752;       3
1753;       2
1754;       0
1755;       0
1756;       2
1757;       0
1758;       2
1759;       0
1760;       0
1761;       1
1762;       2
1763;       1
1764;       1
1765;       0
1766;       0
1767;       1
1768;       1
1769;       0
1770;       0
1771;       2
1772;       0
1773;       0
1774;       1
1775;       0
1776;       0
1777;       3
1778;       0
1779;       0
1780;       1
1781;       1
1782;       0
1783;       0
1784;       1
1785;       2
1786;       1
1787;       0
1788;       0
1789;       0
1790;       0
1791;       0
1792;       2
1793;       1
1794;       1
1795;       0
1796;       0
1797;       1
1798;       0
1799;       0
1800;       2
1801;       0
1802;       0
1803;       1
1804;       0
1805;       0
1806;       0
1807;       1
1808;       2
1809;       0
1810;       3
1811;       0
1812;       0
1813;       0
1814;       1
1815;       0
1816;       0
1817;       0
1818;       0
1819;       0
1820;       0
1821;       1
1822;       0
1823;       1
1824;       0
1825;       0
1826;       0
1827;       0
1828;       0
1829;       1
1830;       0
1831;       0
1832;       0
1833;       0
1834;       0
1835;       0
1836;       0
1837;       0
1838;       0
1839;       0
1840;       0
1841;       0
1842;       0
1843;       1
1844;       0
1845;       0
1846;       0
1847;       0
1848;       0
1849;       0
1850;       0
1851;       1
1852;       0
1853;       1
1854;       0
1855;       0
1856;       0
1857;       0
1858;       0
1859;       0
1860;       0
1861;       0
1862;       0
1863;       0
1864;       0
1865;       1
1866;       1
1867;       0
1868;       0
1869;       0
1870;       0
1871;       0
1872;       1
1873;       0
1874;       1
1875;       0
1876;       0
1877;       0
1878;       0
1879;       2
1880;       0
1881;       1
1882;       0
1883;       0
1884;       1
1885;       0
1886;       0
1887;       0
1888;       0
1889;       0
1890;       0
1891;       0
1892;       0
1893;       0
1894;       0
1895;       1
1896;       0
1897;       0
1898;       1
1899;       0
1900;       0
1901;       0
1902;       0
1903;       0
1904;       0
1905;       0
1906;       0
1907;       0
1908;       0
1909;       0
1910;       0
1911;       0
1912;       0
1913;       0
1914;       0
1915;       0
1916;       0
1917;       0
1918;       0
1919;       0
1920;       0
1921;       0
1922;       0
1923;       1
1924;       1
1925;       0
1926;       0
1927;       0
1928;       0
1929;       0
1930;       0
1931;       0
1932;       0
1933;       0
1934;       0
1935;       0
1936;       0
1937;       0
1938;       0
1939;       0
1940;       0
1941;       0
1942;       0
1943;       0
1944;       2
1945;       0
1946;       0
1947;       0
1948;       0
1949;       0
1950;       0
1951;       0
1952;       1
1953;       0
1954;       0
1955;       0
1956;       0
1957;       0
1958;       0
1959;       0
1960;       0
1961;       0
1962;       0
1963;       0
1964;       0
1965;       0
1966;       0
1967;       0
1968;       0
1969;       0
1970;       0
1971;       0
1972;       0
1973;       0
1974;       0
1975;       0
1976;       0
1977;       0
1978;       0
1979;       0
1980;       0
1981;       0
1982;       0
1983;       0
1984;       0
1985;       0
1986;       0
1987;       0
1988;       0
1989;       0
1990;       0
1991;       0
1992;       0
1993;       0
1994;       0
1995;       0
1996;       0
1997;       0
1998;       0
1999;       0
2000;       0
2001;       0
2002;       0
2003;       0
2004;       0
2005;       0
2006;       0
2007;       0
2008;       0
2009;       0
2010;       0
2011;       0
2012;       0
2013;       0
2014;       0
2015;       0
2016;       0
2017;       0
2018;       1
2019;       0
2020;       0
2021;       0
2022;       0
2023;       0
2024;       0
2025;       0
2026;       0
2027;       0
2028;       0
2029;       0
2030;       0
2031;       0
2032;       0
2033;       0
2034;       0
2035;       0
2036;       0
2037;       0
2038;       0
2039;       0
2040;       0
2041;       0
2042;       0
2043;       0
2044;       0
2045;       0
2046;       0
2047;       0
