   0;     846
   1;     751
   2;     501
   3;     286
   4;     114
   5;      55
   6;       8
   7;       0
   8;       1
   9;       0
  10;       0
  11;       0
  12;       0
  13;       0
  14;       0
  15;       0
  16;       0
  17;       0
  18;       0
  19;       0
  20;       0
  21;       0
  22;       0
  23;       0
  24;       0
  25;       0
  26;       0
  27;       0
  28;       0
  29;       3
  30;      21
  31;      58
  32;      91
  33;      86
  34;      93
  35;      95
  36;      84
  37;      90
  38;      85
  39;      95
  40;      87
  41;      98
  42;      77
  43;      94
  44;      90
  45;      89
  46;      95
  47;     110
  48;     111
  49;      95
  50;      98
  51;     106
  52;      94
  53;      96
  54;     100
  55;      84
  56;     106
  57;      94
  58;     104
  59;      85
  60;      98
  61;     104
  62;      96
  63;      88
  64;      96
  65;     102
  66;      86
  67;      73
  68;      61
  69;      82
  70;      86
  71;      95
  72;      92
  73;     100
  74;      92
  75;      92
  76;      86
  77;      94
  78;     103
  79;      84
  80;      96
  81;      81
  82;      98
  83;      89
  84;     102
  85;     122
  86;     120
  87;     132
  88;     115
  89;     109
  90;      96
  91;     110
  92;     130
  93;     140
  94;     175
  95;     186
  96;     198
  97;     192
  98;     180
  99;     208
 100;     172
 101;     160
 102;     149
 103;     111
 104;     102
 105;     106
 106;     112
 107;     100
 108;     125
 109;     123
 110;     163
 111;     200
 112;     255
 113;     306
 114;     350
 115;     356
 116;     364
 117;     296
 118;     235
 119;     215
 120;     205
 121;     199
 122;     186
 123;     173
 124;     172
 125;     211
 126;     225
 127;     237
 128;     355
 129;     470
 130;     609
 131;     847
 132;    1110
 133;    1271
 134;    1433
 135;    1460
 136;    1318
 137;    1107
 138;    1081
 139;    1040
 140;    1040
 141;    1083
 142;    1168
 143;    1179
 144;    1285
 145;    1404
 146;    1574
 147;    1633
 148;    1483
 149;    1296
 150;    1108
 151;     843
 152;     593
 153;     470
 154;     357
 155;     339
 156;     323
 157;     369
 158;     379
 159;     393
 160;     416
 161;     441
 162;     457
 163;     510
 164;     539
 165;     567
 166;     539
 167;     519
 168;     459
 169;     365
 170;     302
 171;     327
 172;     316
 173;     289
 174;     332
 175;     510
 176;     680
 177;     996
 178;    1796
 179;    3091
 180;    4902
 181;    7119
 182;    9226
 183;   10874
 184;   11408
 185;   10778
 186;    8865
 187;    6644
 188;    4719
 189;    2773
 190;    1643
 191;     973
 192;     620
 193;     487
 194;     581
 195;     805
 196;    1080
 197;    1478
 198;    1780
 199;    2037
 200;    2166
 201;    1979
 202;    1719
 203;    1358
 204;     938
 205;     630
 206;     523
 207;     345
 208;     275
 209;     247
 210;     237
 211;     227
 212;     248
 213;     258
 214;     341
 215;     364
 216;     515
 217;     761
 218;    1166
 219;    1778
 220;    2531
 221;    3403
 222;    4441
 223;    4990
 224;    5161
 225;    5195
 226;    4541
 227;    3607
 228;    2623
 229;    1822
 230;    1102
 231;     749
 232;     562
 233;     399
 234;     381
 235;     490
 236;     639
 237;     891
 238;    1058
 239;    1303
 240;    1550
 241;    1666
 242;    1740
 243;    1767
 244;    1706
 245;    1628
 246;    1444
 247;    1244
 248;    1016
 249;     834
 250;     634
 251;     506
 252;     451
 253;     431
 254;     474
 255;     527
 256;     607
 257;     590
 258;     562
 259;     519
 260;     440
 261;     406
 262;     342
 263;     303
 264;     256
 265;     251
 266;     214
 267;     235
 268;     263
 269;     259
 270;     260
 271;     275
 272;     330
 273;     393
 274;     411
 275;     418
 276;     406
 277;     382
 278;     379
 279;     347
 280;     318
 281;     286
 282;     268
 283;     304
 284;     306
 285;     304
 286;     315
 287;     327
 288;     324
 289;     373
 290;     348
 291;     382
 292;     324
 293;     353
 294;     299
 295;     317
 296;     305
 297;     337
 298;     293
 299;     282
 300;     296
 301;     295
 302;     259
 303;     277
 304;     277
 305;     326
 306;     320
 307;     361
 308;     377
 309;     350
 310;     488
 311;     535
 312;     626
 313;     884
 314;    1105
 315;    1475
 316;    1861
 317;    2174
 318;    2366
 319;    2530
 320;    2368
 321;    2048
 322;    1681
 323;    1351
 324;     992
 325;     728
 326;     488
 327;     395
 328;     327
 329;     324
 330;     298
 331;     265
 332;     276
 333;     309
 334;     274
 335;     267
 336;     293
 337;     292
 338;     327
 339;     326
 340;     349
 341;     325
 342;     370
 343;     397
 344;     402
 345;     392
 346;     507
 347;     510
 348;     543
 349;     568
 350;     595
 351;     651
 352;     618
 353;     598
 354;     586
 355;     574
 356;     525
 357;     500
 358;     494
 359;     517
 360;     516
 361;     531
 362;     605
 363;     603
 364;     626
 365;     696
 366;     778
 367;     779
 368;     847
 369;     935
 370;     966
 371;    1022
 372;     980
 373;     955
 374;     917
 375;     751
 376;     636
 377;     507
 378;     404
 379;     333
 380;     299
 381;     265
 382;     228
 383;     293
 384;     238
 385;     242
 386;     240
 387;     207
 388;     221
 389;     231
 390;     244
 391;     216
 392;     208
 393;     236
 394;     257
 395;     272
 396;     236
 397;     284
 398;     270
 399;     289
 400;     313
 401;     295
 402;     290
 403;     284
 404;     298
 405;     302
 406;     284
 407;     296
 408;     312
 409;     318
 410;     287
 411;     322
 412;     314
 413;     288
 414;     301
 415;     285
 416;     230
 417;     270
 418;     252
 419;     255
 420;     228
 421;     249
 422;     255
 423;     269
 424;     331
 425;     346
 426;     414
 427;     454
 428;     513
 429;     549
 430;     563
 431;     601
 432;     540
 433;     499
 434;     389
 435;     347
 436;     287
 437;     248
 438;     269
 439;     225
 440;     221
 441;     229
 442;     197
 443;     207
 444;     238
 445;     192
 446;     186
 447;     219
 448;     208
 449;     217
 450;     207
 451;     203
 452;     209
 453;     210
 454;     194
 455;     218
 456;     197
 457;     174
 458;     203
 459;     211
 460;     205
 461;     206
 462;     205
 463;     225
 464;     229
 465;     186
 466;     190
 467;     219
 468;     225
 469;     205
 470;     213
 471;     219
 472;     208
 473;     248
 474;     231
 475;     240
 476;     275
 477;     252
 478;     262
 479;     276
 480;     245
 481;     239
 482;     222
 483;     224
 484;     220
 485;     219
 486;     173
 487;     214
 488;     203
 489;     206
 490;     190
 491;     194
 492;     185
 493;     222
 494;     187
 495;     191
 496;     201
 497;     187
 498;     226
 499;     197
 500;     170
 501;     176
 502;     179
 503;     220
 504;     216
 505;     202
 506;     197
 507;     187
 508;     185
 509;     205
 510;     177
 511;     200
 512;     191
 513;     183
 514;     194
 515;     203
 516;     169
 517;     195
 518;     200
 519;     185
 520;     191
 521;     230
 522;     201
 523;     187
 524;     224
 525;     213
 526;     210
 527;     236
 528;     222
 529;     215
 530;     185
 531;     196
 532;     214
 533;     203
 534;     210
 535;     214
 536;     192
 537;     153
 538;     183
 539;     182
 540;     176
 541;     185
 542;     180
 543;     180
 544;     164
 545;     210
 546;     172
 547;     175
 548;     198
 549;     184
 550;     186
 551;     197
 552;     165
 553;     190
 554;     213
 555;     177
 556;     190
 557;     194
 558;     172
 559;     172
 560;     172
 561;     201
 562;     210
 563;     195
 564;     204
 565;     164
 566;     184
 567;     183
 568;     167
 569;     179
 570;     203
 571;     178
 572;     191
 573;     199
 574;     184
 575;     160
 576;     186
 577;     181
 578;     192
 579;     174
 580;     207
 581;     172
 582;     164
 583;     170
 584;     158
 585;     197
 586;     188
 587;     179
 588;     193
 589;     183
 590;     163
 591;     186
 592;     181
 593;     175
 594;     178
 595;     174
 596;     172
 597;     177
 598;     168
 599;     175
 600;     155
 601;     168
 602;     148
 603;     162
 604;     155
 605;     150
 606;     160
 607;     170
 608;     177
 609;     162
 610;     175
 611;     174
 612;     133
 613;     165
 614;     151
 615;     152
 616;     165
 617;     173
 618;     167
 619;     178
 620;     178
 621;     171
 622;     188
 623;     172
 624;     179
 625;     172
 626;     164
 627;     209
 628;     186
 629;     174
 630;     183
 631;     168
 632;     170
 633;     192
 634;     169
 635;     160
 636;     164
 637;     160
 638;     156
 639;     126
 640;     161
 641;     155
 642;     136
 643;     159
 644;     140
 645;     163
 646;     154
 647;     171
 648;     169
 649;     135
 650;     164
 651;     154
 652;     143
 653;     139
 654;     149
 655;     163
 656;     159
 657;     144
 658;     133
 659;     165
 660;     153
 661;     131
 662;     131
 663;     144
 664;     188
 665;     143
 666;     157
 667;     162
 668;     150
 669;     145
 670;     136
 671;     138
 672;     150
 673;     155
 674;     154
 675;     121
 676;     147
 677;     159
 678;     141
 679;     157
 680;     156
 681;     145
 682;     154
 683;     140
 684;     131
 685;     122
 686;     137
 687;     148
 688;     141
 689;     146
 690;     133
 691;     170
 692;     137
 693;     137
 694;     126
 695;     158
 696;     183
 697;     137
 698;     181
 699;     164
 700;     183
 701;     171
 702;     186
 703;     197
 704;     195
 705;     180
 706;     208
 707;     187
 708;     193
 709;     193
 710;     163
 711;     185
 712;     155
 713;     140
 714;     135
 715;     114
 716;     135
 717;     117
 718;     135
 719;     126
 720;     110
 721;     126
 722;     107
 723;     115
 724;     122
 725;     123
 726;     124
 727;     152
 728;     106
 729;     108
 730;     132
 731;     128
 732;     147
 733;     117
 734;     127
 735;     135
 736;     113
 737;     130
 738;     119
 739;     127
 740;     121
 741;     126
 742;     118
 743;     131
 744;     113
 745;     135
 746;     101
 747;     126
 748;     112
 749;     113
 750;     101
 751;     112
 752;     122
 753;     106
 754;      96
 755;     117
 756;     125
 757;     105
 758;      97
 759;     119
 760;     105
 761;     100
 762;     116
 763;     106
 764;     119
 765;     110
 766;     106
 767;     109
 768;     118
 769;     110
 770;      91
 771;     102
 772;     103
 773;     120
 774;      95
 775;     112
 776;      93
 777;     107
 778;     110
 779;      99
 780;     121
 781;     117
 782;     106
 783;     120
 784;     126
 785;     123
 786;     132
 787;     121
 788;     115
 789;     111
 790;     112
 791;     116
 792;     137
 793;     118
 794;      98
 795;     102
 796;     113
 797;      94
 798;     108
 799;     120
 800;      72
 801;     107
 802;     107
 803;     104
 804;     116
 805;     109
 806;     106
 807;     115
 808;      90
 809;      90
 810;      94
 811;      87
 812;      94
 813;     102
 814;     114
 815;      93
 816;     101
 817;     116
 818;     110
 819;     100
 820;     125
 821;     124
 822;     124
 823;     161
 824;     149
 825;     154
 826;     168
 827;     176
 828;     167
 829;     147
 830;     144
 831;     132
 832;     146
 833;     138
 834;     117
 835;      95
 836;      95
 837;      93
 838;     108
 839;      97
 840;      97
 841;      87
 842;      92
 843;      86
 844;      88
 845;      96
 846;      99
 847;      88
 848;      95
 849;      66
 850;      90
 851;      82
 852;      77
 853;      79
 854;      97
 855;      92
 856;      94
 857;      94
 858;      84
 859;      89
 860;      72
 861;      82
 862;      82
 863;      86
 864;     111
 865;      88
 866;      82
 867;      86
 868;      87
 869;      96
 870;     102
 871;      89
 872;      93
 873;      76
 874;      75
 875;      82
 876;      95
 877;      93
 878;      83
 879;      84
 880;      94
 881;      85
 882;      94
 883;     100
 884;      96
 885;      86
 886;      87
 887;      94
 888;     106
 889;      80
 890;      99
 891;      91
 892;      97
 893;      91
 894;      91
 895;      88
 896;      93
 897;     102
 898;     100
 899;      82
 900;     102
 901;     106
 902;      93
 903;      97
 904;      77
 905;     108
 906;     116
 907;      88
 908;      92
 909;     110
 910;     106
 911;     122
 912;      99
 913;     120
 914;      97
 915;     126
 916;     118
 917;     130
 918;     145
 919;     125
 920;     138
 921;     135
 922;     165
 923;     152
 924;     185
 925;     190
 926;     181
 927;     197
 928;     197
 929;     207
 930;     217
 931;     251
 932;     211
 933;     266
 934;     243
 935;     237
 936;     259
 937;     241
 938;     251
 939;     288
 940;     266
 941;     273
 942;     303
 943;     270
 944;     280
 945;     282
 946;     266
 947;     247
 948;     261
 949;     273
 950;     266
 951;     236
 952;     227
 953;     231
 954;     267
 955;     227
 956;     221
 957;     229
 958;     181
 959;     174
 960;     153
 961;     149
 962;     153
 963;     173
 964;     132
 965;     151
 966;     148
 967;     138
 968;     132
 969;     121
 970;     109
 971;     105
 972;     107
 973;      90
 974;      86
 975;      97
 976;      93
 977;      99
 978;      80
 979;      87
 980;      80
 981;      66
 982;      70
 983;      62
 984;      86
 985;      63
 986;      62
 987;      65
 988;      65
 989;      86
 990;      77
 991;      83
 992;      76
 993;      71
 994;      85
 995;      84
 996;     122
 997;     110
 998;     123
 999;     102
1000;     143
1001;     139
1002;     151
1003;     144
1004;     148
1005;     158
1006;     162
1007;     183
1008;     166
1009;     161
1010;     135
1011;     136
1012;     111
1013;     111
1014;      82
1015;      84
1016;      82
1017;      74
1018;      90
1019;      54
1020;      65
1021;      50
1022;      64
1023;      70
1024;      58
1025;      62
1026;      68
1027;      48
1028;      54
1029;      69
1030;      50
1031;      64
1032;      64
1033;      68
1034;      51
1035;      55
1036;      73
1037;      66
1038;      67
1039;      74
1040;      86
1041;      72
1042;      97
1043;      88
1044;     112
1045;     103
1046;     100
1047;     103
1048;     123
1049;     110
1050;     134
1051;     128
1052;     110
1053;     145
1054;     115
1055;     128
1056;     106
1057;     120
1058;     108
1059;      96
1060;     103
1061;     100
1062;      83
1063;      86
1064;      78
1065;      75
1066;      69
1067;      56
1068;      83
1069;      54
1070;      67
1071;      56
1072;      62
1073;      56
1074;      62
1075;      73
1076;      58
1077;      47
1078;      39
1079;      50
1080;      57
1081;      45
1082;      40
1083;      59
1084;      46
1085;      42
1086;      55
1087;      38
1088;      48
1089;      53
1090;      27
1091;      49
1092;      38
1093;      39
1094;      56
1095;      50
1096;      41
1097;      35
1098;      47
1099;      39
1100;      43
1101;      37
1102;      46
1103;      45
1104;      47
1105;      43
1106;      45
1107;      42
1108;      40
1109;      32
1110;      46
1111;      47
1112;      40
1113;      41
1114;      42
1115;      38
1116;      28
1117;      38
1118;      41
1119;      40
1120;      23
1121;      39
1122;      36
1123;      38
1124;      37
1125;      41
1126;      33
1127;      43
1128;      42
1129;      43
1130;      49
1131;      53
1132;      49
1133;      56
1134;      59
1135;      45
1136;      40
1137;      45
1138;      29
1139;      49
1140;      36
1141;      37
1142;      36
1143;      30
1144;      45
1145;      35
1146;      32
1147;      39
1148;      23
1149;      29
1150;      22
1151;      27
1152;      32
1153;      26
1154;      28
1155;      42
1156;      37
1157;      34
1158;      21
1159;      20
1160;      38
1161;      27
1162;      28
1163;      39
1164;      25
1165;      31
1166;      37
1167;      36
1168;      37
1169;      27
1170;      30
1171;      21
1172;      23
1173;      27
1174;      23
1175;      32
1176;      25
1177;      39
1178;      21
1179;      35
1180;      19
1181;      37
1182;      26
1183;      29
1184;      32
1185;      42
1186;      42
1187;      31
1188;      25
1189;      32
1190;      43
1191;      22
1192;      39
1193;      31
1194;      38
1195;      19
1196;      23
1197;      29
1198;      20
1199;      27
1200;      20
1201;      37
1202;      28
1203;      37
1204;      39
1205;      30
1206;      27
1207;      27
1208;      29
1209;      28
1210;      26
1211;      28
1212;      28
1213;      31
1214;      31
1215;      28
1216;      20
1217;      21
1218;      20
1219;      30
1220;      28
1221;      25
1222;      27
1223;      27
1224;      14
1225;      23
1226;      19
1227;      19
1228;      28
1229;      32
1230;      35
1231;      23
1232;      21
1233;      23
1234;      14
1235;      24
1236;      23
1237;      18
1238;      24
1239;      25
1240;      19
1241;      17
1242;      34
1243;      28
1244;      23
1245;      17
1246;      28
1247;      26
1248;      24
1249;      19
1250;      23
1251;      25
1252;      18
1253;      14
1254;      26
1255;      29
1256;      23
1257;      26
1258;      27
1259;      24
1260;      21
1261;      18
1262;      22
1263;      27
1264;      18
1265;      14
1266;      21
1267;      20
1268;      18
1269;      13
1270;      23
1271;      22
1272;      21
1273;      19
1274;      15
1275;      15
1276;      17
1277;      26
1278;      22
1279;      15
1280;      12
1281;      24
1282;      22
1283;      16
1284;      17
1285;      18
1286;      19
1287;      17
1288;      20
1289;      27
1290;      21
1291;      16
1292;      24
1293;      22
1294;      18
1295;      20
1296;      29
1297;      23
1298;      18
1299;      14
1300;      13
1301;      18
1302;      15
1303;      17
1304;      18
1305;      24
1306;      21
1307;      18
1308;      24
1309;      15
1310;      27
1311;      13
1312;      11
1313;      17
1314;      15
1315;      21
1316;      19
1317;      17
1318;      22
1319;      14
1320;      12
1321;      19
1322;      11
1323;      19
1324;      19
1325;       8
1326;      16
1327;      22
1328;      11
1329;      14
1330;      12
1331;      23
1332;      18
1333;      26
1334;      17
1335;      15
1336;      17
1337;      20
1338;      19
1339;      14
1340;      11
1341;      15
1342;      14
1343;      15
1344;      18
1345;      19
1346;      16
1347;      18
1348;      14
1349;       9
1350;      21
1351;      22
1352;      16
1353;      17
1354;      20
1355;      18
1356;      13
1357;      16
1358;      22
1359;      13
1360;      15
1361;      14
1362;      18
1363;      16
1364;      19
1365;      13
1366;      14
1367;      10
1368;      14
1369;      14
1370;      12
1371;      11
1372;      15
1373;      13
1374;      10
1375;      23
1376;      15
1377;      14
1378;      15
1379;      13
1380;      12
1381;      14
1382;      13
1383;       9
1384;      13
1385;      19
1386;      14
1387;      10
1388;      20
1389;       9
1390;      14
1391;      15
1392;       9
1393;      12
1394;      12
1395;      20
1396;      10
1397;      12
1398;      17
1399;      17
1400;      16
1401;      11
1402;      12
1403;      13
1404;      13
1405;      11
1406;      12
1407;      11
1408;       9
1409;      17
1410;      23
1411;       7
1412;      10
1413;      12
1414;      17
1415;      11
1416;      15
1417;       7
1418;      13
1419;      12
1420;      10
1421;      14
1422;      14
1423;      11
1424;      10
1425;       9
1426;      18
1427;      15
1428;      13
1429;      11
1430;      16
1431;      11
1432;      13
1433;      15
1434;      15
1435;      11
1436;      10
1437;      17
1438;       6
1439;       6
1440;      16
1441;      14
1442;      11
1443;      14
1444;      10
1445;      12
1446;      12
1447;       9
1448;      10
1449;       9
1450;      11
1451;       7
1452;       8
1453;       9
1454;      13
1455;      11
1456;       6
1457;      13
1458;       8
1459;      13
1460;      10
1461;       7
1462;      19
1463;      13
1464;       6
1465;       8
1466;      13
1467;       9
1468;      10
1469;      11
1470;       9
1471;       8
1472;       9
1473;      13
1474;       5
1475;       5
1476;      11
1477;       8
1478;       7
1479;       7
1480;      14
1481;      10
1482;      11
1483;      12
1484;      15
1485;       9
1486;      16
1487;      10
1488;       6
1489;      17
1490;      11
1491;       7
1492;      15
1493;       3
1494;       7
1495;       4
1496;       9
1497;       7
1498;       8
1499;       9
1500;       8
1501;       7
1502;       2
1503;       5
1504;       7
1505;      10
1506;       6
1507;      14
1508;      10
1509;      10
1510;       7
1511;       6
1512;       8
1513;       8
1514;      10
1515;      10
1516;       7
1517;      11
1518;       8
1519;       9
1520;       4
1521;       4
1522;       7
1523;       7
1524;      16
1525;       6
1526;      10
1527;       4
1528;       9
1529;      10
1530;       7
1531;       6
1532;       6
1533;      12
1534;       3
1535;       2
1536;       6
1537;       8
1538;       9
1539;      13
1540;       5
1541;       7
1542;       8
1543;       7
1544;      10
1545;       5
1546;       9
1547;       8
1548;       5
1549;       3
1550;      10
1551;       5
1552;       6
1553;       3
1554;       7
1555;       6
1556;      15
1557;       2
1558;      10
1559;       8
1560;      11
1561;       7
1562;      11
1563;       9
1564;      10
1565;       5
1566;       7
1567;       4
1568;       6
1569;      13
1570;       4
1571;       8
1572;       9
1573;       8
1574;       5
1575;       8
1576;      10
1577;       8
1578;      10
1579;      11
1580;      12
1581;      14
1582;       8
1583;      16
1584;      13
1585;      15
1586;       9
1587;      16
1588;       5
1589;      13
1590;       9
1591;      20
1592;      13
1593;       5
1594;      18
1595;      10
1596;       8
1597;      16
1598;      13
1599;      22
1600;      15
1601;      15
1602;      17
1603;      15
1604;       9
1605;      14
1606;      11
1607;      20
1608;      11
1609;      12
1610;      13
1611;       9
1612;       9
1613;       9
1614;      11
1615;       7
1616;       6
1617;       3
1618;       8
1619;      10
1620;       7
1621;       6
1622;       3
1623;       6
1624;       6
1625;       3
1626;       6
1627;       3
1628;       3
1629;       4
1630;       6
1631;       6
1632;       3
1633;       2
1634;       9
1635;       1
1636;       4
1637;       4
1638;       5
1639;       6
1640;       2
1641;       2
1642;       1
1643;       1
1644;       4
1645;       2
1646;       3
1647;       1
1648;       3
1649;       3
1650;       3
1651;       1
1652;       3
1653;       5
1654;       4
1655;       7
1656;       9
1657;       5
1658;       4
1659;       5
1660;       2
1661;       9
1662;       3
1663;       2
1664;       5
1665;       4
1666;       1
1667;       4
1668;       4
1669;       6
1670;       4
1671;       6
1672;       1
1673;       5
1674;       3
1675;       5
1676;       2
1677;       2
1678;       1
1679;       4
1680;       8
1681;       4
1682;       6
1683;       4
1684;       5
1685;       1
1686;       6
1687;       4
1688;       2
1689;       3
1690;       2
1691;       3
1692;       4
1693;       4
1694;       1
1695;       5
1696;       4
1697;       3
1698;       1
1699;       4
1700;       2
1701;       4
1702;       2
1703;       0
1704;       1
1705;       2
1706;       1
1707;       2
1708;       1
1709;       1
1710;       2
1711;       2
1712;       1
1713;       3
1714;       2
1715;       2
1716;       2
1717;       3
1718;       2
1719;       3
1720;       1
1721;       3
1722;       0
1723;       0
1724;       4
1725;       2
1726;       0
1727;       2
1728;       1
1729;       2
1730;       1
1731;       2
1732;       3
1733;       3
1734;       0
1735;       1
1736;       2
1737;       1
1738;       3
1739;       1
1740;       3
1741;       2
1742;       0
1743;       1
1744;       1
1745;       0
1746;       0
1747;       0
1748;       0
1749;       0
1750;       1
1751;       2
1752;       1
1753;       2
1754;       2
1755;       1
1756;       2
1757;       0
1758;       3
1759;       0
1760;       1
1761;       0
1762;       0
1763;       1
1764;       3
1765;       0
1766;       0
1767;       0
1768;       0
1769;       2
1770;       2
1771;       1
1772;       0
1773;       1
1774;       1
1775;       1
1776;       2
1777;       1
1778;       1
1779;       2
1780;       0
1781;       0
1782;       1
1783;       0
1784;       0
1785;       0
1786;       0
1787;       0
1788;       1
1789;       1
1790;       2
1791;       0
1792;       0
1793;       0
1794;       1
1795;       1
1796;       1
1797;       0
1798;       1
1799;       0
1800;       1
1801;       2
1802;       0
1803;       1
1804;       0
1805;       3
1806;       1
1807;       0
1808;       1
1809;       2
1810;       3
1811;       1
1812;       0
1813;       2
1814;       0
1815;       3
1816;       2
1817;       1
1818;       1
1819;       2
1820;       2
1821;       0
1822;       0
1823;       3
1824;       1
1825;       0
1826;       0
1827;       0
1828;       1
1829;       0
1830;       0
1831;       1
1832;       0
1833;       0
1834;       0
1835;       0
1836;       0
1837;       0
1838;       0
1839;       0
1840;       0
1841;       0
1842;       0
1843;       0
1844;       1
1845;       0
1846;       1
1847;       0
1848;       0
1849;       0
1850;       0
1851;       1
1852;       0
1853;       1
1854;       1
1855;       1
1856;       0
1857;       2
1858;       2
1859;       0
1860;       0
1861;       0
1862;       1
1863;       0
1864;       0
1865;       0
1866;       1
1867;       0
1868;       0
1869;       0
1870;       0
1871;       1
1872;       0
1873;       0
1874;       0
1875;       0
1876;       0
1877;       0
1878;       0
1879;       0
1880;       0
1881;       2
1882;       0
1883;       0
1884;       0
1885;       1
1886;       0
1887;       0
1888;       0
1889;       0
1890;       0
1891;       0
1892;       0
1893;       0
1894;       0
1895;       0
1896;       0
1897;       0
1898;       1
1899;       0
1900;       0
1901;       0
1902;       0
1903;       0
1904;       0
1905;       0
1906;       0
1907;       0
1908;       0
1909;       0
1910;       0
1911;       0
1912;       0
1913;       0
1914;       0
1915;       0
1916;       0
1917;       0
1918;       0
1919;       0
1920;       0
1921;       0
1922;       1
1923;       0
1924;       0
1925;       0
1926;       0
1927;       0
1928;       0
1929;       0
1930;       0
1931;       0
1932;       0
1933;       0
1934;       0
1935;       0
1936;       0
1937;       0
1938;       0
1939;       0
1940;       0
1941;       0
1942;       0
1943;       0
1944;       0
1945;       0
1946;       0
1947;       0
1948;       0
1949;       0
1950;       0
1951;       0
1952;       0
1953;       0
1954;       0
1955;       0
1956;       0
1957;       0
1958;       0
1959;       0
1960;       0
1961;       0
1962;       0
1963;       0
1964;       0
1965;       0
1966;       0
1967;       0
1968;       0
1969;       0
1970;       0
1971;       0
1972;       0
1973;       0
1974;       0
1975;       0
1976;       0
1977;       0
1978;       0
1979;       0
1980;       0
1981;       0
1982;       0
1983;       0
1984;       0
1985;       0
1986;       0
1987;       0
1988;       0
1989;       0
1990;       0
1991;       0
1992;       0
1993;       0
1994;       0
1995;       0
1996;       0
1997;       0
1998;       0
1999;       0
2000;       0
2001;       0
2002;       0
2003;       0
2004;       0
2005;       0
2006;       0
2007;       0
2008;       0
2009;       0
2010;       0
2011;       0
2012;       0
2013;       0
2014;       0
2015;       0
2016;       0
2017;       0
2018;       0
2019;       0
2020;       0
2021;       0
2022;       0
2023;       0
2024;       0
2025;       0
2026;       0
2027;       0
2028;       0
2029;       0
2030;       0
2031;       0
2032;       0
2033;       0
2034;       0
2035;       0
2036;       0
2037;       0
2038;       0
2039;       0
2040;       0
2041;       0
2042;       0
2043;       1
2044;       0
2045;       0
2046;       0
2047;       0
