   0;     869
   1;     722
   2;     485
   3;     265
   4;     111
   5;      49
   6;      13
   7;       2
   8;       0
   9;       0
  10;       1
  11;       1
  12;       0
  13;       0
  14;       0
  15;       1
  16;       1
  17;       0
  18;       0
  19;       0
  20;       0
  21;       0
  22;       0
  23;       0
  24;       0
  25;       0
  26;       0
  27;       1
  28;       0
  29;       3
  30;      21
  31;      67
  32;     110
  33;     121
  34;     143
  35;     126
  36;     109
  37;     121
  38;     126
  39;     117
  40;     134
  41;     117
  42;     128
  43;     122
  44;     130
  45;     140
  46;     132
  47;     136
  48;     145
  49;     141
  50;     110
  51;     121
  52;     131
  53;     101
  54;     110
  55;     113
  56;     128
  57;     113
  58;     133
  59;     128
  60;     118
  61;     103
  62;     117
  63;     118
  64;     127
  65;     108
  66;     114
  67;      98
  68;     104
  69;     107
  70;     100
  71;     103
  72;     110
  73;     123
  74;     131
  75;     105
  76;     117
  77;     124
  78;     112
  79;     102
  80;     105
  81;     119
  82;     104
  83;     123
  84;     135
  85;     134
  86;     124
  87;     151
  88;     159
  89;     128
  90;     136
  91;     128
  92;     119
  93;     124
  94;     160
  95;     158
  96;     163
  97;     179
  98;     186
  99;     175
 100;     144
 101;     162
 102;     151
 103;     132
 104;     122
 105;     139
 106;     138
 107;     143
 108;     157
 109;     183
 110;     216
 111;     322
 112;     398
 113;     487
 114;     567
 115;     609
 116;     578
 117;     541
 118;     447
 119;     371
 120;     320
 121;     260
 122;     229
 123;     228
 124;     246
 125;     224
 126;     247
 127;     277
 128;     358
 129;     478
 130;     623
 131;     850
 132;    1139
 133;    1352
 134;    1432
 135;    1472
 136;    1433
 137;    1221
 138;    1128
 139;    1111
 140;    1094
 141;    1063
 142;    1194
 143;    1173
 144;    1304
 145;    1479
 146;    1532
 147;    1536
 148;    1435
 149;    1314
 150;    1076
 151;     823
 152;     617
 153;     515
 154;     413
 155;     375
 156;     358
 157;     374
 158;     361
 159;     347
 160;     358
 161;     321
 162;     308
 163;     290
 164;     261
 165;     322
 166;     284
 167;     281
 168;     272
 169;     242
 170;     255
 171;     275
 172;     242
 173;     291
 174;     285
 175;     329
 176;     480
 177;     709
 178;    1098
 179;    1795
 180;    2777
 181;    4008
 182;    5111
 183;    6033
 184;    6303
 185;    5963
 186;    5024
 187;    3838
 188;    2468
 189;    1735
 190;     985
 191;     625
 192;     541
 193;     479
 194;     521
 195;     651
 196;     860
 197;    1051
 198;    1244
 199;    1358
 200;    1369
 201;    1332
 202;    1159
 203;     948
 204;     761
 205;     520
 206;     445
 207;     349
 208;     400
 209;     351
 210;     333
 211;     372
 212;     405
 213;     489
 214;     602
 215;     841
 216;    1387
 217;    2010
 218;    3214
 219;    4907
 220;    7125
 221;    9406
 222;   11286
 223;   12950
 224;   12967
 225;   12221
 226;   10550
 227;    8246
 228;    5923
 229;    3878
 230;    2475
 231;    1494
 232;     900
 233;     840
 234;     876
 235;    1211
 236;    1677
 237;    2406
 238;    3266
 239;    4091
 240;    4765
 241;    5201
 242;    5374
 243;    4920
 244;    4601
 245;    4072
 246;    3419
 247;    2982
 248;    2328
 249;    1774
 250;    1291
 251;    1076
 252;     938
 253;     961
 254;    1107
 255;    1231
 256;    1445
 257;    1458
 258;    1424
 259;    1263
 260;    1071
 261;     811
 262;     659
 263;     539
 264;     453
 265;     404
 266;     447
 267;     517
 268;     577
 269;     627
 270;     640
 271;     711
 272;     756
 273;     823
 274;     857
 275;     897
 276;     884
 277;     808
 278;     756
 279;     642
 280;     457
 281;     389
 282;     378
 283;     356
 284;     408
 285;     449
 286;     430
 287;     498
 288;     548
 289;     556
 290;     524
 291;     490
 292;     488
 293;     461
 294;     437
 295;     386
 296;     383
 297;     378
 298;     322
 299;     366
 300;     340
 301;     331
 302;     308
 303;     328
 304;     300
 305;     311
 306;     312
 307;     332
 308;     373
 309;     400
 310;     428
 311;     433
 312;     486
 313;     572
 314;     695
 315;     756
 316;     869
 317;     989
 318;    1037
 319;    1057
 320;     990
 321;     978
 322;     788
 323;     641
 324;     524
 325;     433
 326;     356
 327;     367
 328;     322
 329;     301
 330;     284
 331;     275
 332;     271
 333;     292
 334;     314
 335;     338
 336;     308
 337;     347
 338;     335
 339;     372
 340;     379
 341;     368
 342;     392
 343;     414
 344;     420
 345;     445
 346;     431
 347;     446
 348;     403
 349;     445
 350;     424
 351;     450
 352;     440
 353;     433
 354;     454
 355;     432
 356;     414
 357;     395
 358;     435
 359;     502
 360;     533
 361;     605
 362;     594
 363;     639
 364;     696
 365;     740
 366;     765
 367;     906
 368;     916
 369;    1028
 370;    1122
 371;    1193
 372;    1260
 373;    1141
 374;    1033
 375;     909
 376;     723
 377;     597
 378;     494
 379;     402
 380;     379
 381;     323
 382;     326
 383;     298
 384;     268
 385;     274
 386;     262
 387;     282
 388;     245
 389;     262
 390;     274
 391;     267
 392;     293
 393;     293
 394;     289
 395;     298
 396;     299
 397;     334
 398;     343
 399;     348
 400;     337
 401;     341
 402;     373
 403;     336
 404;     379
 405;     331
 406;     337
 407;     345
 408;     366
 409;     365
 410;     357
 411;     397
 412;     368
 413;     399
 414;     366
 415;     381
 416;     370
 417;     368
 418;     402
 419;     481
 420;     665
 421;     847
 422;    1326
 423;    2050
 424;    2963
 425;    4368
 426;    5889
 427;    7556
 428;    9130
 429;   10105
 430;   10374
 431;   10258
 432;    9395
 433;    8173
 434;    6294
 435;    4746
 436;    3392
 437;    2263
 438;    1373
 439;     891
 440;     605
 441;     438
 442;     341
 443;     294
 444;     261
 445;     301
 446;     261
 447;     260
 448;     251
 449;     249
 450;     276
 451;     297
 452;     290
 453;     279
 454;     286
 455;     299
 456;     278
 457;     329
 458;     301
 459;     334
 460;     309
 461;     274
 462;     294
 463;     288
 464;     291
 465;     260
 466;     321
 467;     325
 468;     379
 469;     462
 470;     565
 471;     784
 472;     893
 473;    1180
 474;    1376
 475;    1630
 476;    1741
 477;    1809
 478;    1744
 479;    1637
 480;    1327
 481;    1110
 482;     891
 483;     684
 484;     535
 485;     391
 486;     305
 487;     279
 488;     264
 489;     217
 490;     223
 491;     223
 492;     194
 493;     206
 494;     174
 495;     216
 496;     209
 497;     217
 498;     191
 499;     224
 500;     230
 501;     221
 502;     219
 503;     211
 504;     214
 505;     211
 506;     205
 507;     190
 508;     196
 509;     224
 510;     235
 511;     205
 512;     221
 513;     237
 514;     258
 515;     316
 516;     359
 517;     395
 518;     480
 519;     677
 520;     833
 521;     980
 522;    1189
 523;    1326
 524;    1510
 525;    1533
 526;    1637
 527;    1488
 528;    1362
 529;    1181
 530;    1051
 531;     788
 532;     668
 533;     539
 534;     378
 535;     314
 536;     269
 537;     223
 538;     218
 539;     188
 540;     196
 541;     201
 542;     208
 543;     199
 544;     217
 545;     184
 546;     200
 547;     186
 548;     199
 549;     162
 550;     173
 551;     178
 552;     194
 553;     178
 554;     192
 555;     209
 556;     153
 557;     189
 558;     203
 559;     184
 560;     196
 561;     212
 562;     185
 563;     196
 564;     221
 565;     215
 566;     227
 567;     207
 568;     226
 569;     220
 570;     201
 571;     217
 572;     180
 573;     196
 574;     211
 575;     197
 576;     184
 577;     191
 578;     179
 579;     199
 580;     173
 581;     181
 582;     187
 583;     200
 584;     201
 585;     177
 586;     209
 587;     180
 588;     182
 589;     182
 590;     198
 591;     208
 592;     172
 593;     194
 594;     190
 595;     204
 596;     196
 597;     175
 598;     206
 599;     187
 600;     187
 601;     228
 602;     216
 603;     211
 604;     206
 605;     215
 606;     231
 607;     240
 608;     233
 609;     220
 610;     241
 611;     268
 612;     246
 613;     263
 614;     263
 615;     255
 616;     218
 617;     291
 618;     287
 619;     302
 620;     362
 621;     434
 622;     537
 623;     661
 624;     835
 625;     962
 626;    1143
 627;    1288
 628;    1365
 629;    1371
 630;    1410
 631;    1249
 632;    1127
 633;    1000
 634;     825
 635;     722
 636;     557
 637;     461
 638;     392
 639;     375
 640;     286
 641;     259
 642;     242
 643;     225
 644;     235
 645;     227
 646;     222
 647;     215
 648;     204
 649;     233
 650;     185
 651;     196
 652;     215
 653;     175
 654;     184
 655;     173
 656;     173
 657;     157
 658;     171
 659;     183
 660;     155
 661;     164
 662;     193
 663;     148
 664;     166
 665;     150
 666;     140
 667;     158
 668;     153
 669;     159
 670;     190
 671;     139
 672;     125
 673;     136
 674;     151
 675;     148
 676;     163
 677;     150
 678;     149
 679;     151
 680;     130
 681;     148
 682;     164
 683;     165
 684;     139
 685;     150
 686;     160
 687;     152
 688;     139
 689;     152
 690;     157
 691;     155
 692;     151
 693;     158
 694;     173
 695;     184
 696;     232
 697;     285
 698;     338
 699;     391
 700;     431
 701;     483
 702;     540
 703;     590
 704;     593
 705;     665
 706;     625
 707;     609
 708;     549
 709;     436
 710;     469
 711;     326
 712;     293
 713;     234
 714;     226
 715;     187
 716;     167
 717;     154
 718;     152
 719;     166
 720;     133
 721;     147
 722;     125
 723;     118
 724;     126
 725;     157
 726;     153
 727;     173
 728;     183
 729;     175
 730;     199
 731;     250
 732;     268
 733;     291
 734;     304
 735;     321
 736;     301
 737;     289
 738;     269
 739;     276
 740;     223
 741;     235
 742;     185
 743;     175
 744;     156
 745;     166
 746;     157
 747;     150
 748;     132
 749;     164
 750;     160
 751;     176
 752;     170
 753;     180
 754;     187
 755;     184
 756;     174
 757;     178
 758;     160
 759;     155
 760;     156
 761;     143
 762;     151
 763;     118
 764;     133
 765;     127
 766;     134
 767;     110
 768;     125
 769;     114
 770;     108
 771;     110
 772;     121
 773;     101
 774;     120
 775;     126
 776;     134
 777;     116
 778;     122
 779;     142
 780;     141
 781;     133
 782;     126
 783;     144
 784;     178
 785;     173
 786;     201
 787;     161
 788;     225
 789;     175
 790;     189
 791;     184
 792;     184
 793;     163
 794;     158
 795;     143
 796;     137
 797;     139
 798;     119
 799;     129
 800;     121
 801;     127
 802;     127
 803;     121
 804;     114
 805;     116
 806;     122
 807;     105
 808;      98
 809;     104
 810;     115
 811;     102
 812;     119
 813;     101
 814;     106
 815;      95
 816;      92
 817;     111
 818;      91
 819;     102
 820;      95
 821;     103
 822;      97
 823;     117
 824;     112
 825;     113
 826;      94
 827;     111
 828;      88
 829;      86
 830;      97
 831;     102
 832;     122
 833;     101
 834;     112
 835;      75
 836;      89
 837;     121
 838;      85
 839;      87
 840;      90
 841;     112
 842;      90
 843;     110
 844;      84
 845;      89
 846;     102
 847;     102
 848;      84
 849;     113
 850;     107
 851;     101
 852;      97
 853;     101
 854;      90
 855;     106
 856;      93
 857;     116
 858;     100
 859;     112
 860;      99
 861;      96
 862;     112
 863;      95
 864;     118
 865;     111
 866;     121
 867;      97
 868;      96
 869;     105
 870;     108
 871;      93
 872;      94
 873;     107
 874;     100
 875;     104
 876;     108
 877;      84
 878;     114
 879;      96
 880;      94
 881;      96
 882;     115
 883;     112
 884;     109
 885;      88
 886;      95
 887;     105
 888;     106
 889;     108
 890;      87
 891;     108
 892;      84
 893;     107
 894;     118
 895;     100
 896;     101
 897;     115
 898;     112
 899;     121
 900;     118
 901;     105
 902;     118
 903;     111
 904;     122
 905;     124
 906;     125
 907;     103
 908;      98
 909;     123
 910;     124
 911;     116
 912;     145
 913;     125
 914;     136
 915;     137
 916;     149
 917;     154
 918;     135
 919;     145
 920;     150
 921;     161
 922;     153
 923;     164
 924;     168
 925;     172
 926;     175
 927;     179
 928;     189
 929;     229
 930;     218
 931;     207
 932;     216
 933;     242
 934;     259
 935;     248
 936;     273
 937;     273
 938;     278
 939;     299
 940;     297
 941;     290
 942;     280
 943;     280
 944;     249
 945;     275
 946;     281
 947;     266
 948;     283
 949;     268
 950;     270
 951;     254
 952;     240
 953;     250
 954;     245
 955;     230
 956;     244
 957;     233
 958;     209
 959;     199
 960;     224
 961;     188
 962;     182
 963;     191
 964;     170
 965;     175
 966;     145
 967;     146
 968;     149
 969;     148
 970;     132
 971;     125
 972;     116
 973;     125
 974;     116
 975;     113
 976;     118
 977;     105
 978;     117
 979;     100
 980;      97
 981;      97
 982;     104
 983;      88
 984;      95
 985;      64
 986;      78
 987;     107
 988;      94
 989;      98
 990;      85
 991;     104
 992;     126
 993;     129
 994;     133
 995;     154
 996;     161
 997;     216
 998;     220
 999;     260
1000;     253
1001;     275
1002;     295
1003;     334
1004;     324
1005;     312
1006;     345
1007;     347
1008;     336
1009;     326
1010;     254
1011;     246
1012;     226
1013;     191
1014;     196
1015;     153
1016;     127
1017;     112
1018;      91
1019;      80
1020;      93
1021;      86
1022;      76
1023;      90
1024;      72
1025;      73
1026;      69
1027;      58
1028;      84
1029;      80
1030;      77
1031;      89
1032;      75
1033;      76
1034;      86
1035;      87
1036;      85
1037;      91
1038;      94
1039;     102
1040;      87
1041;      96
1042;     111
1043;     130
1044;     124
1045;     122
1046;     137
1047;     161
1048;     155
1049;     153
1050;     171
1051;     155
1052;     182
1053;     177
1054;     180
1055;     164
1056;     160
1057;     183
1058;     153
1059;     164
1060;     155
1061;     144
1062;     119
1063;      94
1064;     104
1065;     118
1066;      87
1067;     116
1068;      98
1069;      83
1070;      87
1071;      88
1072;      76
1073;      80
1074;      62
1075;      78
1076;      64
1077;      89
1078;      77
1079;      77
1080;      71
1081;      66
1082;      46
1083;      73
1084;      52
1085;      58
1086;      89
1087;      71
1088;      53
1089;      54
1090;      74
1091;      68
1092;      53
1093;      62
1094;      63
1095;      80
1096;      56
1097;      51
1098;      51
1099;      57
1100;      55
1101;      53
1102;      58
1103;      53
1104;      42
1105;      45
1106;      48
1107;      57
1108;      45
1109;      56
1110;      52
1111;      54
1112;      51
1113;      46
1114;      65
1115;      49
1116;      67
1117;      51
1118;      52
1119;      53
1120;      50
1121;      46
1122;      62
1123;      61
1124;      58
1125;      77
1126;      67
1127;      82
1128;      83
1129;      91
1130;      79
1131;     107
1132;      96
1133;      80
1134;      94
1135;      88
1136;      70
1137;      65
1138;      73
1139;      65
1140;      56
1141;      47
1142;      52
1143;      56
1144;      45
1145;      37
1146;      51
1147;      51
1148;      54
1149;      55
1150;      42
1151;      46
1152;      51
1153;      50
1154;      42
1155;      58
1156;      51
1157;      48
1158;      43
1159;      41
1160;      66
1161;      43
1162;      54
1163;      62
1164;      48
1165;      41
1166;      43
1167;      41
1168;      33
1169;      45
1170;      42
1171;      47
1172;      49
1173;      42
1174;      46
1175;      45
1176;      53
1177;      44
1178;      59
1179;      40
1180;      38
1181;      48
1182;      62
1183;      51
1184;      46
1185;      61
1186;      60
1187;      47
1188;      45
1189;      66
1190;      43
1191;      49
1192;      46
1193;      46
1194;      33
1195;      45
1196;      38
1197;      40
1198;      41
1199;      56
1200;      42
1201;      36
1202;      34
1203;      47
1204;      46
1205;      57
1206;      36
1207;      44
1208;      37
1209;      43
1210;      39
1211;      31
1212;      42
1213;      46
1214;      38
1215;      50
1216;      49
1217;      39
1218;      44
1219;      22
1220;      40
1221;      36
1222;      28
1223;      47
1224;      35
1225;      31
1226;      43
1227;      33
1228;      50
1229;      48
1230;      34
1231;      34
1232;      43
1233;      33
1234;      39
1235;      40
1236;      29
1237;      38
1238;      37
1239;      32
1240;      34
1241;      39
1242;      46
1243;      42
1244;      30
1245;      37
1246;      45
1247;      30
1248;      34
1249;      30
1250;      35
1251;      34
1252;      37
1253;      50
1254;      27
1255;      33
1256;      29
1257;      40
1258;      32
1259;      32
1260;      36
1261;      25
1262;      33
1263;      36
1264;      44
1265;      32
1266;      35
1267;      28
1268;      35
1269;      32
1270;      41
1271;      31
1272;      39
1273;      35
1274;      42
1275;      28
1276;      39
1277;      28
1278;      28
1279;      35
1280;      36
1281;      35
1282;      38
1283;      33
1284;      27
1285;      33
1286;      35
1287;      37
1288;      30
1289;      20
1290;      31
1291;      37
1292;      37
1293;      32
1294;      24
1295;      33
1296;      39
1297;      36
1298;      24
1299;      18
1300;      35
1301;      21
1302;      31
1303;      22
1304;      28
1305;      36
1306;      25
1307;      38
1308;      19
1309;      30
1310;      25
1311;      19
1312;      35
1313;      37
1314;      33
1315;      20
1316;      18
1317;      26
1318;      33
1319;      33
1320;      33
1321;      31
1322;      36
1323;      33
1324;      18
1325;      28
1326;      28
1327;      25
1328;      32
1329;      29
1330;      24
1331;      23
1332;      28
1333;      28
1334;      24
1335;      37
1336;      29
1337;      28
1338;      25
1339;      23
1340;      16
1341;      25
1342;      29
1343;      22
1344;      23
1345;      32
1346;      27
1347;      32
1348;      24
1349;      27
1350;      22
1351;      24
1352;      29
1353;      26
1354;      32
1355;      32
1356;      20
1357;      26
1358;      24
1359;      25
1360;      24
1361;      30
1362;      16
1363;      31
1364;      28
1365;      28
1366;      29
1367;      25
1368;      38
1369;      28
1370;      23
1371;      27
1372;      31
1373;      25
1374;      33
1375;      29
1376;      29
1377;      24
1378;      25
1379;      28
1380;      24
1381;      24
1382;      32
1383;      27
1384;      25
1385;      21
1386;      21
1387;      20
1388;      23
1389;      25
1390;      34
1391;      24
1392;      18
1393;      19
1394;      16
1395;      31
1396;      20
1397;      27
1398;      30
1399;      22
1400;      19
1401;      22
1402;      22
1403;      29
1404;      20
1405;      25
1406;      24
1407;      28
1408;      24
1409;      17
1410;      30
1411;      37
1412;      16
1413;      31
1414;      21
1415;      15
1416;      23
1417;      20
1418;      27
1419;      29
1420;      25
1421;      21
1422;      20
1423;      30
1424;      22
1425;      19
1426;      17
1427;      20
1428;      26
1429;      16
1430;      22
1431;      28
1432;      22
1433;      25
1434;      23
1435;      20
1436;      25
1437;      14
1438;      20
1439;      20
1440;      15
1441;      26
1442;      29
1443;      25
1444;      28
1445;      19
1446;      26
1447;      23
1448;      24
1449;      16
1450;      28
1451;      22
1452;      11
1453;      24
1454;      18
1455;      16
1456;      29
1457;      24
1458;      17
1459;      22
1460;      30
1461;      19
1462;      21
1463;      27
1464;      27
1465;      27
1466;      19
1467;      23
1468;      18
1469;      24
1470;      18
1471;      18
1472;      23
1473;      26
1474;      26
1475;      30
1476;      20
1477;      16
1478;       6
1479;      18
1480;      20
1481;      27
1482;      26
1483;      14
1484;       7
1485;      14
1486;      19
1487;      18
1488;      18
1489;      31
1490;      15
1491;      16
1492;      19
1493;      26
1494;      14
1495;      12
1496;      18
1497;      15
1498;      24
1499;      19
1500;      21
1501;      20
1502;      23
1503;      24
1504;      16
1505;      21
1506;      12
1507;      25
1508;      19
1509;      17
1510;      14
1511;      19
1512;      24
1513;      16
1514;      23
1515;      12
1516;      15
1517;      19
1518;      14
1519;      11
1520;      18
1521;      19
1522;      16
1523;      15
1524;      16
1525;      19
1526;      22
1527;      11
1528;      10
1529;      15
1530;      14
1531;      20
1532;      17
1533;      16
1534;       9
1535;      16
1536;      18
1537;      13
1538;      16
1539;      23
1540;      21
1541;      19
1542;      17
1543;       9
1544;      14
1545;      13
1546;       9
1547;      17
1548;      15
1549;      15
1550;      18
1551;       8
1552;       8
1553;       9
1554;      15
1555;      18
1556;      17
1557;      13
1558;      18
1559;      12
1560;      19
1561;      14
1562;       9
1563;      12
1564;      12
1565;      20
1566;      12
1567;      10
1568;      17
1569;      13
1570;      19
1571;      18
1572;      22
1573;      30
1574;      34
1575;      28
1576;      27
1577;      43
1578;      52
1579;      48
1580;      58
1581;      56
1582;      91
1583;      76
1584;      92
1585;      86
1586;      79
1587;      84
1588;      76
1589;      68
1590;      81
1591;      82
1592;      57
1593;      83
1594;      81
1595;      68
1596;      72
1597;      70
1598;      93
1599;     107
1600;     109
1601;     124
1602;     113
1603;     122
1604;     127
1605;     148
1606;     117
1607;     113
1608;     103
1609;      95
1610;      86
1611;      96
1612;      57
1613;      68
1614;      51
1615;      30
1616;      36
1617;      27
1618;      20
1619;      16
1620;       7
1621;      13
1622;      16
1623;      20
1624;       6
1625;      10
1626;      12
1627;      14
1628;       6
1629;       8
1630;       5
1631;      10
1632;      10
1633;      13
1634;       9
1635;       6
1636;      11
1637;       8
1638;      14
1639;      10
1640;       5
1641;       9
1642;       4
1643;       4
1644;       7
1645;       5
1646;      12
1647;       9
1648;      11
1649;       7
1650;       8
1651;       8
1652;       7
1653;       5
1654;       8
1655;       6
1656;       6
1657;      10
1658;      10
1659;       5
1660;       5
1661;       6
1662;       5
1663;       5
1664;       7
1665;       8
1666;       5
1667;       4
1668;      11
1669;       6
1670;       8
1671;       3
1672;       3
1673;       7
1674;       4
1675;       6
1676;       5
1677;       7
1678;       6
1679;       3
1680;       4
1681;       4
1682;       3
1683;       8
1684;       2
1685;       6
1686;       3
1687;       5
1688;       9
1689;       6
1690;       2
1691;       3
1692;       3
1693;       2
1694;       5
1695;       5
1696;       3
1697;       3
1698;       3
1699;       5
1700;       2
1701;       6
1702;       7
1703;       5
1704;       5
1705;       2
1706;       7
1707;       4
1708;       4
1709;       3
1710;       3
1711;       6
1712;       1
1713;       5
1714;       6
1715;       6
1716;       1
1717;       2
1718;       3
1719;       6
1720;       1
1721;       3
1722;       4
1723;       1
1724;       4
1725;       3
1726;       4
1727;       5
1728;       4
1729;       3
1730;       2
1731;       2
1732;       1
1733;       0
1734;       3
1735;       9
1736;       2
1737;       3
1738;       5
1739;       1
1740;       2
1741;       2
1742;       2
1743;       1
1744;       1
1745;       8
1746;       4
1747;       3
1748;       1
1749;       1
1750;       2
1751;       0
1752;       3
1753;       1
1754;       2
1755;       3
1756;       2
1757;       3
1758;       1
1759;       2
1760;       2
1761;       6
1762;       1
1763;       2
1764;       2
1765;       2
1766;       1
1767;       1
1768;       0
1769;       0
1770;       4
1771;       0
1772;       1
1773;       2
1774;       0
1775;       0
1776;       1
1777;       0
1778;       2
1779;       1
1780;       2
1781;       1
1782;       2
1783;       3
1784;       2
1785;       0
1786;       1
1787;       1
1788;       1
1789;       3
1790;       1
1791;       3
1792;       1
1793;       2
1794;       0
1795;       3
1796;       7
1797;       3
1798;       7
1799;       5
1800;       7
1801;      10
1802;      13
1803;       8
1804;      13
1805;      22
1806;      18
1807;      22
1808;      20
1809;      27
1810;      27
1811;      24
1812;      22
1813;      22
1814;      23
1815;      20
1816;      25
1817;      18
1818;      13
1819;      17
1820;      11
1821;       7
1822;       5
1823;       9
1824;       5
1825;       7
1826;       3
1827;       1
1828;       2
1829;       1
1830;       5
1831;       4
1832;       1
1833;       0
1834;       0
1835;       0
1836;       3
1837;       0
1838;       1
1839;       1
1840;       0
1841;       1
1842;       2
1843;       2
1844;       3
1845;       3
1846;       3
1847;       1
1848;       5
1849;       0
1850;       4
1851;       1
1852;       5
1853;       6
1854;       3
1855;       5
1856;       9
1857;       8
1858;       7
1859;       6
1860;       8
1861;       2
1862;       5
1863;       4
1864;       4
1865;       5
1866;       2
1867;       1
1868;       2
1869;       1
1870;       0
1871;       0
1872;       1
1873;       0
1874;       1
1875;       0
1876;       0
1877;       1
1878;       0
1879;       1
1880;       1
1881;       1
1882;       1
1883;       0
1884;       0
1885;       1
1886;       0
1887;       0
1888;       0
1889;       0
1890;       0
1891;       0
1892;       0
1893;       0
1894;       0
1895;       0
1896;       0
1897;       0
1898;       1
1899;       0
1900;       0
1901;       1
1902;       0
1903;       0
1904;       1
1905;       0
1906;       1
1907;       0
1908;       0
1909;       1
1910;       0
1911;       1
1912;       0
1913;       0
1914;       0
1915;       1
1916;       0
1917;       0
1918;       0
1919;       1
1920;       0
1921;       1
1922;       1
1923;       0
1924;       0
1925;       0
1926;       0
1927;       0
1928;       0
1929;       0
1930;       0
1931;       0
1932;       1
1933;       0
1934;       0
1935;       0
1936;       0
1937;       0
1938;       2
1939;       0
1940;       0
1941;       1
1942;       0
1943;       0
1944;       1
1945;       0
1946;       0
1947;       0
1948;       0
1949;       0
1950;       0
1951;       0
1952;       0
1953;       0
1954;       0
1955;       0
1956;       0
1957;       0
1958;       0
1959;       0
1960;       0
1961;       1
1962;       0
1963;       0
1964;       0
1965;       0
1966;       0
1967;       0
1968;       0
1969;       0
1970;       0
1971;       0
1972;       0
1973;       0
1974;       0
1975;       0
1976;       0
1977;       0
1978;       0
1979;       0
1980;       0
1981;       0
1982;       0
1983;       0
1984;       0
1985;       0
1986;       0
1987;       0
1988;       0
1989;       0
1990;       0
1991;       0
1992;       0
1993;       0
1994;       0
1995;       0
1996;       0
1997;       0
1998;       0
1999;       0
2000;       0
2001;       0
2002;       0
2003;       0
2004;       0
2005;       0
2006;       0
2007;       0
2008;       0
2009;       0
2010;       0
2011;       0
2012;       1
2013;       2
2014;       0
2015;       0
2016;       0
2017;       0
2018;       0
2019;       0
2020;       1
2021;       0
2022;       0
2023;       0
2024;       0
2025;       0
2026;       0
2027;       0
2028;       0
2029;       0
2030;       0
2031;       0
2032;       0
2033;       0
2034;       0
2035;       0
2036;       1
2037;       1
2038;       0
2039;       0
2040;       0
2041;       1
2042;       0
2043;       0
2044;       0
2045;       0
2046;       0
2047;       0
