   0;     818
   1;     724
   2;     496
   3;     252
   4;     115
   5;      35
   6;      20
   7;       2
   8;       0
   9;       1
  10;       0
  11;       0
  12;       0
  13;       1
  14;       0
  15;       0
  16;       0
  17;       0
  18;       0
  19;       0
  20;       0
  21;       0
  22;       0
  23;       0
  24;       0
  25;       0
  26;       0
  27;       0
  28;       0
  29;       4
  30;      22
  31;      77
  32;      76
  33;     112
  34;     112
  35;      86
  36;      95
  37;      92
  38;     108
  39;     100
  40;     107
  41;     101
  42;      93
  43;      92
  44;      94
  45;     131
  46;      95
  47;     101
  48;     116
  49;      99
  50;     107
  51;     106
  52;     100
  53;      92
  54;      82
  55;      95
  56;      99
  57;     101
  58;     102
  59;     104
  60;     106
  61;     109
  62;     105
  63;     104
  64;      83
  65;     112
  66;      87
  67;      89
  68;      82
  69;      79
  70;     100
  71;     108
  72;      95
  73;     103
  74;     105
  75;      92
  76;     100
  77;     104
  78;      70
  79;     107
  80;      82
  81;      96
  82;     101
  83;      99
  84;     105
  85;     102
  86;     107
  87;     133
  88;     122
  89;      96
  90;     111
  91;     103
  92;     109
  93;     107
  94;     152
  95;     143
  96;     172
  97;     165
  98;     158
  99;     143
 100;     135
 101;     125
 102;     132
 103;     108
 104;     101
 105;     124
 106;      98
 107;     109
 108;     136
 109;     141
 110;     190
 111;     212
 112;     258
 113;     328
 114;     369
 115;     377
 116;     432
 117;     413
 118;     445
 119;     355
 120;     317
 121;     320
 122;     302
 123;     293
 124;     254
 125;     262
 126;     249
 127;     267
 128;     371
 129;     408
 130;     598
 131;     861
 132;    1116
 133;    1281
 134;    1351
 135;    1323
 136;    1203
 137;    1124
 138;     979
 139;     987
 140;     933
 141;     985
 142;    1016
 143;    1173
 144;    1225
 145;    1343
 146;    1492
 147;    1581
 148;    1429
 149;    1328
 150;    1020
 151;     844
 152;     549
 153;     421
 154;     345
 155;     293
 156;     302
 157;     313
 158;     364
 159;     351
 160;     362
 161;     319
 162;     341
 163;     316
 164;     311
 165;     327
 166;     272
 167;     267
 168;     284
 169;     255
 170;     256
 171;     242
 172;     229
 173;     229
 174;     267
 175;     319
 176;     449
 177;     706
 178;    1185
 179;    1938
 180;    2985
 181;    4320
 182;    5637
 183;    6650
 184;    7081
 185;    6578
 186;    5565
 187;    4095
 188;    2798
 189;    1700
 190;     996
 191;     591
 192;     400
 193;     353
 194;     428
 195;     509
 196;     689
 197;     904
 198;    1087
 199;    1243
 200;    1291
 201;    1250
 202;    1065
 203;     865
 204;     628
 205;     477
 206;     386
 207;     268
 208;     245
 209;     199
 210;     179
 211;     180
 212;     212
 213;     198
 214;     183
 215;     239
 216;     195
 217;     239
 218;     284
 219;     306
 220;     408
 221;     471
 222;     530
 223;     586
 224;     623
 225;     630
 226;     545
 227;     543
 228;     407
 229;     367
 230;     285
 231;     258
 232;     235
 233;     217
 234;     203
 235;     222
 236;     248
 237;     244
 238;     268
 239;     279
 240;     316
 241;     360
 242;     349
 243;     333
 244;     354
 245;     373
 246;     337
 247;     328
 248;     323
 249;     292
 250;     239
 251;     275
 252;     258
 253;     263
 254;     248
 255;     263
 256;     239
 257;     270
 258;     265
 259;     290
 260;     324
 261;     321
 262;     497
 263;     657
 264;     952
 265;    1427
 266;    2055
 267;    2647
 268;    3139
 269;    3418
 270;    3531
 271;    3357
 272;    2767
 273;    2205
 274;    1639
 275;    1105
 276;     751
 277;     489
 278;     357
 279;     305
 280;     277
 281;     299
 282;     263
 283;     262
 284;     284
 285;     295
 286;     297
 287;     276
 288;     333
 289;     327
 290;     380
 291;     476
 292;     522
 293;     657
 294;     715
 295;     769
 296;     875
 297;     845
 298;     757
 299;     687
 300;     568
 301;     476
 302;     431
 303;     327
 304;     328
 305;     308
 306;     340
 307;     342
 308;     371
 309;     367
 310;     434
 311;     500
 312;     550
 313;     625
 314;     704
 315;     896
 316;    1051
 317;    1161
 318;    1238
 319;    1274
 320;    1190
 321;    1110
 322;     922
 323;     770
 324;     588
 325;     466
 326;     412
 327;     336
 328;     314
 329;     315
 330;     310
 331;     315
 332;     333
 333;     299
 334;     326
 335;     300
 336;     278
 337;     339
 338;     330
 339;     371
 340;     352
 341;     405
 342;     425
 343;     423
 344;     450
 345;     438
 346;     453
 347;     455
 348;     465
 349;     471
 350;     479
 351;     448
 352;     466
 353;     510
 354;     465
 355;     470
 356;     457
 357;     448
 358;     446
 359;     489
 360;     605
 361;     589
 362;     650
 363;     687
 364;     689
 365;     784
 366;     802
 367;     828
 368;     945
 369;     971
 370;    1066
 371;    1158
 372;    1141
 373;    1159
 374;    1067
 375;     907
 376;     763
 377;     580
 378;     496
 379;     380
 380;     348
 381;     315
 382;     285
 383;     276
 384;     268
 385;     231
 386;     253
 387;     264
 388;     265
 389;     309
 390;     248
 391;     270
 392;     285
 393;     284
 394;     273
 395;     321
 396;     312
 397;     347
 398;     313
 399;     334
 400;     346
 401;     346
 402;     343
 403;     331
 404;     339
 405;     328
 406;     321
 407;     319
 408;     343
 409;     395
 410;     336
 411;     361
 412;     368
 413;     382
 414;     348
 415;     334
 416;     320
 417;     300
 418;     278
 419;     291
 420;     262
 421;     260
 422;     273
 423;     329
 424;     379
 425;     402
 426;     445
 427;     527
 428;     615
 429;     643
 430;     645
 431;     660
 432;     596
 433;     534
 434;     544
 435;     454
 436;     357
 437;     358
 438;     313
 439;     284
 440;     295
 441;     279
 442;     251
 443;     270
 444;     276
 445;     237
 446;     272
 447;     283
 448;     291
 449;     316
 450;     337
 451;     327
 452;     419
 453;     506
 454;     538
 455;     692
 456;     697
 457;     774
 458;     764
 459;     756
 460;     685
 461;     654
 462;     549
 463;     476
 464;     450
 465;     344
 466;     317
 467;     318
 468;     298
 469;     317
 470;     297
 471;     292
 472;     308
 473;     306
 474;     316
 475;     346
 476;     307
 477;     330
 478;     298
 479;     297
 480;     313
 481;     279
 482;     278
 483;     249
 484;     248
 485;     258
 486;     240
 487;     241
 488;     250
 489;     258
 490;     257
 491;     269
 492;     262
 493;     291
 494;     287
 495;     257
 496;     253
 497;     273
 498;     283
 499;     260
 500;     273
 501;     316
 502;     283
 503;     313
 504;     254
 505;     302
 506;     294
 507;     318
 508;     325
 509;     330
 510;     351
 511;     386
 512;     409
 513;     510
 514;     726
 515;     978
 516;    1275
 517;    1856
 518;    2487
 519;    3275
 520;    4605
 521;    5798
 522;    7257
 523;    8366
 524;    9458
 525;    9993
 526;   10160
 527;    9617
 528;    8830
 529;    7702
 530;    6086
 531;    4635
 532;    3377
 533;    2463
 534;    1677
 535;    1126
 536;     766
 537;     547
 538;     384
 539;     329
 540;     299
 541;     280
 542;     248
 543;     260
 544;     223
 545;     245
 546;     222
 547;     251
 548;     246
 549;     235
 550;     247
 551;     229
 552;     237
 553;     246
 554;     222
 555;     250
 556;     218
 557;     268
 558;     245
 559;     307
 560;     293
 561;     294
 562;     334
 563;     374
 564;     359
 565;     338
 566;     361
 567;     341
 568;     373
 569;     306
 570;     309
 571;     302
 572;     254
 573;     246
 574;     256
 575;     249
 576;     236
 577;     252
 578;     205
 579;     222
 580;     221
 581;     198
 582;     207
 583;     208
 584;     223
 585;     212
 586;     234
 587;     216
 588;     206
 589;     272
 590;     211
 591;     251
 592;     247
 593;     231
 594;     236
 595;     271
 596;     225
 597;     286
 598;     284
 599;     275
 600;     308
 601;     326
 602;     374
 603;     409
 604;     449
 605;     453
 606;     476
 607;     533
 608;     566
 609;     570
 610;     602
 611;     648
 612;     646
 613;     656
 614;     701
 615;     701
 616;     714
 617;     742
 618;     758
 619;     969
 620;    1281
 621;    1777
 622;    2374
 623;    3107
 624;    4057
 625;    4965
 626;    5956
 627;    6767
 628;    7012
 629;    7261
 630;    7012
 631;    6518
 632;    5720
 633;    4823
 634;    3952
 635;    3105
 636;    2317
 637;    1841
 638;    1448
 639;    1172
 640;     909
 641;     696
 642;     670
 643;     592
 644;     511
 645;     511
 646;     473
 647;     475
 648;     452
 649;     408
 650;     403
 651;     413
 652;     376
 653;     338
 654;     289
 655;     260
 656;     253
 657;     202
 658;     189
 659;     185
 660;     182
 661;     153
 662;     154
 663;     177
 664;     147
 665;     163
 666;     164
 667;     168
 668;     147
 669;     159
 670;     167
 671;     153
 672;     133
 673;     147
 674;     156
 675;     144
 676;     133
 677;     118
 678;     146
 679;     143
 680;     144
 681;     133
 682;     120
 683;     125
 684;     133
 685;     152
 686;     135
 687;     122
 688;     122
 689;     139
 690;     116
 691;     130
 692;     134
 693;     136
 694;     137
 695;     130
 696;     136
 697;     154
 698;     152
 699;     170
 700;     181
 701;     206
 702;     192
 703;     214
 704;     185
 705;     228
 706;     226
 707;     196
 708;     202
 709;     214
 710;     200
 711;     188
 712;     182
 713;     171
 714;     167
 715;     139
 716;     167
 717;     151
 718;     148
 719;     139
 720;     125
 721;     127
 722;     134
 723;     142
 724;     169
 725;     185
 726;     206
 727;     266
 728;     349
 729;     408
 730;     458
 731;     596
 732;     689
 733;     769
 734;     894
 735;     914
 736;     942
 737;     907
 738;     854
 739;     724
 740;     639
 741;     594
 742;     462
 743;     373
 744;     312
 745;     244
 746;     223
 747;     213
 748;     207
 749;     220
 750;     244
 751;     273
 752;     286
 753;     309
 754;     343
 755;     361
 756;     339
 757;     323
 758;     333
 759;     299
 760;     281
 761;     251
 762;     207
 763;     206
 764;     163
 765;     151
 766;     123
 767;     114
 768;     119
 769;     104
 770;     107
 771;     106
 772;      87
 773;     106
 774;     100
 775;     105
 776;      84
 777;     109
 778;     106
 779;     116
 780;     119
 781;     106
 782;     123
 783;     111
 784;     112
 785;     135
 786;     111
 787;     133
 788;     127
 789;     123
 790;     125
 791;     115
 792;     123
 793;     108
 794;     104
 795;     102
 796;      78
 797;     102
 798;      94
 799;      93
 800;      81
 801;      89
 802;      75
 803;      80
 804;      82
 805;      80
 806;      88
 807;      72
 808;      83
 809;      80
 810;      82
 811;      84
 812;      81
 813;      85
 814;      75
 815;      92
 816;      86
 817;      86
 818;     104
 819;      96
 820;     103
 821;     130
 822;     124
 823;     111
 824;     108
 825;     132
 826;     121
 827;     111
 828;     111
 829;     118
 830;     100
 831;     124
 832;      99
 833;      93
 834;      90
 835;      95
 836;      74
 837;      85
 838;      73
 839;      81
 840;      92
 841;      71
 842;      81
 843;      94
 844;      79
 845;      90
 846;      78
 847;      72
 848;      88
 849;      74
 850;      69
 851;      73
 852;      85
 853;      83
 854;      74
 855;      69
 856;      74
 857;      80
 858;      79
 859;      71
 860;      82
 861;      76
 862;      96
 863;      83
 864;      98
 865;     100
 866;     108
 867;     100
 868;      97
 869;     114
 870;     103
 871;      86
 872;     111
 873;     100
 874;      90
 875;      88
 876;      98
 877;      98
 878;      84
 879;      74
 880;      75
 881;      74
 882;      78
 883;      82
 884;      61
 885;      77
 886;      69
 887;      80
 888;      73
 889;      86
 890;      95
 891;      77
 892;      87
 893;      87
 894;      72
 895;      68
 896;      93
 897;      74
 898;      78
 899;      76
 900;      78
 901;      94
 902;      88
 903;      75
 904;      87
 905;      87
 906;     100
 907;      87
 908;      74
 909;      84
 910;      88
 911;      73
 912;      85
 913;      90
 914;      96
 915;      95
 916;     106
 917;     112
 918;     120
 919;     112
 920;     128
 921;     147
 922;     125
 923;     147
 924;     160
 925;     163
 926;     152
 927;     165
 928;     186
 929;     180
 930;     181
 931;     177
 932;     203
 933;     203
 934;     221
 935;     227
 936;     234
 937;     236
 938;     210
 939;     208
 940;     235
 941;     222
 942;     218
 943;     246
 944;     202
 945;     243
 946;     239
 947;     232
 948;     203
 949;     227
 950;     238
 951;     197
 952;     201
 953;     206
 954;     205
 955;     192
 956;     180
 957;     173
 958;     195
 959;     170
 960;     158
 961;     164
 962;     138
 963;     139
 964;     110
 965;     112
 966;     114
 967;     110
 968;     103
 969;      98
 970;      93
 971;     105
 972;     106
 973;      98
 974;      97
 975;      96
 976;      88
 977;      85
 978;      66
 979;      75
 980;      77
 981;      57
 982;      62
 983;      77
 984;      59
 985;      76
 986;      66
 987;      60
 988;      77
 989;      70
 990;      63
 991;      73
 992;      78
 993;      69
 994;      88
 995;      87
 996;      89
 997;     100
 998;     117
 999;     123
1000;     148
1001;     164
1002;     160
1003;     159
1004;     161
1005;     158
1006;     152
1007;     149
1008;     182
1009;     143
1010;     139
1011;     115
1012;     134
1013;      99
1014;     116
1015;      77
1016;      83
1017;      57
1018;      59
1019;      69
1020;      57
1021;      68
1022;      49
1023;      35
1024;      47
1025;      56
1026;      53
1027;      43
1028;      58
1029;      61
1030;      53
1031;      64
1032;      56
1033;      40
1034;      59
1035;      58
1036;      57
1037;      66
1038;      69
1039;      81
1040;      78
1041;      72
1042;      66
1043;      78
1044;      91
1045;      82
1046;     104
1047;      81
1048;      84
1049;     104
1050;     105
1051;     116
1052;     110
1053;     104
1054;     102
1055;      94
1056;     111
1057;     101
1058;     104
1059;      85
1060;      87
1061;      93
1062;      90
1063;      64
1064;      78
1065;      60
1066;      56
1067;      72
1068;      61
1069;      54
1070;      55
1071;      51
1072;      35
1073;      64
1074;      61
1075;      41
1076;      54
1077;      37
1078;      56
1079;      44
1080;      48
1081;      53
1082;      44
1083;      50
1084;      52
1085;      46
1086;      43
1087;      50
1088;      42
1089;      46
1090;      45
1091;      35
1092;      45
1093;      37
1094;      36
1095;      37
1096;      34
1097;      39
1098;      46
1099;      35
1100;      27
1101;      42
1102;      37
1103;      43
1104;      33
1105;      32
1106;      27
1107;      41
1108;      39
1109;      42
1110;      33
1111;      30
1112;      34
1113;      37
1114;      28
1115;      33
1116;      30
1117;      22
1118;      34
1119;      29
1120;      32
1121;      37
1122;      36
1123;      36
1124;      31
1125;      40
1126;      40
1127;      33
1128;      28
1129;      46
1130;      38
1131;      47
1132;      44
1133;      50
1134;      39
1135;      48
1136;      36
1137;      51
1138;      31
1139;      44
1140;      41
1141;      30
1142;      33
1143;      29
1144;      24
1145;      31
1146;      37
1147;      29
1148;      37
1149;      34
1150;      32
1151;      48
1152;      25
1153;      31
1154;      26
1155;      35
1156;      36
1157;      51
1158;      35
1159;      24
1160;      24
1161;      29
1162;      20
1163;      21
1164;      32
1165;      26
1166;      28
1167;      28
1168;      19
1169;      24
1170;      34
1171;      30
1172;      26
1173;      38
1174;      27
1175;      29
1176;      31
1177;      27
1178;      37
1179;      30
1180;      41
1181;      44
1182;      31
1183;      30
1184;      31
1185;      34
1186;      37
1187;      35
1188;      17
1189;      32
1190;      25
1191;      26
1192;      33
1193;      32
1194;      39
1195;      32
1196;      32
1197;      30
1198;      22
1199;      25
1200;      34
1201;      29
1202;      20
1203;      34
1204;      23
1205;      28
1206;      25
1207;      33
1208;      30
1209;      31
1210;      28
1211;      26
1212;      32
1213;      23
1214;      26
1215;      21
1216;      32
1217;      25
1218;      28
1219;      26
1220;      21
1221;      18
1222;      27
1223;      28
1224;      23
1225;      27
1226;      20
1227;      23
1228;      24
1229;      24
1230;      21
1231;      21
1232;      24
1233;      18
1234;      22
1235;      19
1236;      24
1237;      19
1238;      18
1239;      16
1240;      22
1241;      20
1242;      20
1243;      14
1244;      27
1245;      15
1246;      30
1247;      22
1248;      20
1249;      23
1250;      18
1251;      25
1252;      22
1253;      22
1254;      22
1255;      25
1256;      23
1257;      24
1258;      24
1259;      23
1260;      20
1261;      17
1262;      15
1263;      17
1264;      17
1265;      15
1266;      14
1267;      22
1268;      22
1269;      11
1270;      17
1271;      24
1272;      24
1273;      28
1274;      16
1275;      18
1276;      13
1277;      24
1278;      12
1279;      13
1280;      15
1281;      12
1282;      23
1283;      17
1284;      21
1285;      23
1286;      17
1287;      23
1288;      17
1289;      18
1290;      19
1291;      16
1292;      17
1293;      21
1294;      18
1295;      20
1296;      22
1297;      15
1298;      20
1299;      18
1300;      26
1301;      22
1302;      12
1303;      10
1304;      22
1305;      15
1306;      15
1307;      21
1308;      28
1309;      19
1310;      21
1311;      30
1312;      19
1313;      17
1314;      24
1315;      18
1316;      11
1317;      18
1318;      23
1319;      16
1320;       7
1321;      18
1322;      18
1323;      17
1324;      19
1325;      19
1326;      24
1327;      17
1328;      18
1329;      22
1330;      19
1331;      10
1332;      11
1333;      19
1334;      15
1335;      15
1336;      14
1337;      10
1338;      15
1339;      20
1340;      14
1341;      11
1342;      15
1343;      15
1344;      11
1345;      22
1346;       5
1347;      17
1348;      18
1349;      20
1350;      18
1351;      15
1352;      22
1353;      17
1354;      18
1355;      15
1356;      13
1357;      13
1358;      18
1359;      16
1360;       7
1361;      17
1362;      14
1363;      16
1364;      17
1365;      12
1366;      22
1367;      19
1368;      17
1369;      19
1370;      15
1371;      16
1372;       9
1373;       7
1374;      15
1375;      17
1376;      19
1377;      20
1378;      12
1379;      15
1380;      11
1381;       8
1382;      13
1383;      10
1384;      13
1385;      13
1386;       7
1387;      16
1388;      19
1389;      13
1390;      16
1391;      22
1392;       9
1393;      13
1394;      14
1395;      14
1396;      15
1397;      14
1398;      14
1399;      17
1400;      10
1401;       9
1402;      17
1403;      13
1404;      10
1405;      14
1406;      22
1407;      18
1408;      13
1409;      16
1410;      12
1411;       9
1412;      12
1413;      17
1414;      12
1415;       8
1416;      14
1417;      12
1418;      11
1419;      11
1420;      13
1421;       8
1422;      10
1423;      11
1424;       8
1425;      14
1426;      16
1427;       9
1428;       9
1429;      10
1430;      22
1431;       6
1432;      11
1433;      11
1434;      13
1435;      13
1436;      12
1437;       8
1438;      11
1439;       9
1440;      13
1441;      11
1442;      11
1443;      13
1444;       6
1445;      15
1446;      10
1447;      13
1448;       8
1449;      16
1450;      11
1451;       8
1452;      11
1453;      15
1454;       7
1455;       8
1456;      12
1457;      10
1458;      13
1459;       7
1460;      13
1461;      15
1462;      17
1463;       6
1464;       9
1465;      10
1466;      12
1467;       9
1468;      14
1469;       3
1470;       7
1471;       7
1472;       8
1473;      10
1474;      11
1475;      14
1476;      14
1477;       6
1478;       6
1479;       7
1480;       8
1481;       7
1482;      10
1483;      14
1484;       9
1485;      11
1486;       9
1487;      12
1488;       7
1489;      14
1490;      12
1491;       9
1492;       6
1493;      15
1494;       5
1495;      11
1496;       5
1497;       9
1498;       7
1499;       6
1500;       9
1501;       7
1502;       6
1503;       7
1504;      11
1505;       7
1506;       5
1507;       7
1508;       2
1509;       8
1510;       6
1511;       9
1512;      13
1513;       4
1514;       6
1515;       4
1516;       7
1517;      12
1518;       3
1519;      10
1520;       4
1521;      11
1522;      12
1523;       6
1524;      11
1525;       8
1526;       9
1527;      12
1528;       9
1529;       4
1530;      11
1531;       3
1532;       4
1533;       9
1534;      14
1535;       9
1536;       9
1537;      11
1538;      11
1539;       7
1540;       8
1541;       5
1542;       9
1543;       3
1544;      12
1545;       9
1546;      11
1547;       7
1548;       5
1549;       8
1550;      11
1551;      13
1552;      12
1553;       5
1554;       4
1555;       2
1556;       9
1557;      10
1558;       6
1559;      10
1560;      11
1561;       5
1562;       8
1563;       3
1564;       7
1565;       5
1566;       9
1567;       5
1568;       3
1569;       7
1570;       4
1571;       6
1572;       4
1573;       8
1574;       7
1575;       5
1576;       2
1577;       9
1578;       7
1579;       3
1580;       8
1581;       9
1582;       6
1583;       9
1584;      10
1585;      11
1586;       6
1587;       9
1588;       5
1589;       7
1590;       6
1591;       6
1592;       7
1593;       6
1594;       5
1595;       7
1596;       3
1597;       5
1598;       6
1599;       6
1600;       8
1601;       5
1602;       2
1603;       6
1604;       8
1605;       5
1606;       7
1607;       5
1608;       5
1609;       5
1610;       9
1611;       5
1612;       4
1613;       8
1614;       9
1615;       3
1616;       7
1617;       6
1618;       2
1619;       9
1620;       3
1621;       6
1622;       7
1623;       2
1624;       5
1625;       5
1626;       1
1627;       7
1628;       5
1629;       5
1630;       2
1631;       6
1632;       6
1633;       4
1634;       5
1635;       6
1636;       7
1637;       4
1638;       2
1639;       9
1640;       4
1641;       7
1642;       4
1643;       7
1644;       6
1645;       4
1646;       1
1647;       3
1648;       5
1649;       0
1650;       5
1651;       5
1652;       2
1653;       2
1654;       7
1655;       6
1656;       4
1657;       3
1658;       6
1659;       3
1660;       3
1661;       3
1662;       2
1663;       1
1664;       6
1665;       3
1666;       3
1667;       5
1668;       2
1669;       6
1670;       2
1671;       4
1672;       4
1673;       2
1674;       3
1675;       2
1676;       3
1677;       3
1678;       3
1679;       3
1680;       3
1681;       3
1682;       6
1683;       8
1684;       5
1685;       1
1686;       2
1687;       1
1688;       0
1689;       3
1690;       2
1691;       3
1692;       1
1693;       1
1694;       4
1695;       5
1696;       4
1697;       3
1698;       5
1699;       3
1700;       1
1701;       0
1702;       1
1703;       1
1704;       2
1705;       4
1706;       4
1707;       1
1708;       3
1709;       0
1710;       5
1711;       1
1712;       5
1713;       2
1714;       2
1715;       1
1716;       1
1717;       1
1718;       4
1719;       3
1720;       1
1721;       4
1722;       1
1723;       3
1724;       0
1725;       1
1726;       1
1727;       2
1728;       1
1729;       2
1730;       1
1731;       2
1732;       2
1733;       0
1734;       3
1735;       0
1736;       1
1737;       1
1738;       3
1739;       2
1740;       2
1741;       2
1742;       1
1743;       0
1744;       1
1745;       1
1746;       1
1747;       1
1748;       0
1749;       0
1750;       1
1751;       4
1752;       1
1753;       0
1754;       1
1755;       0
1756;       0
1757;       2
1758;       2
1759;       4
1760;       1
1761;       0
1762;       0
1763;       2
1764;       0
1765;       1
1766;       0
1767;       2
1768;       0
1769;       0
1770;       1
1771;       2
1772;       1
1773;       2
1774;       0
1775;       1
1776;       1
1777;       0
1778;       0
1779;       2
1780;       1
1781;       0
1782;       0
1783;       0
1784;       1
1785;       1
1786;       0
1787;       1
1788;       0
1789;       1
1790;       1
1791;       0
1792;       0
1793;       0
1794;       0
1795;       0
1796;       2
1797;       1
1798;       0
1799;       0
1800;       1
1801;       1
1802;       1
1803;       0
1804;       0
1805;       0
1806;       2
1807;       0
1808;       0
1809;       0
1810;       1
1811;       2
1812;       0
1813;       0
1814;       0
1815;       0
1816;       2
1817;       0
1818;       1
1819;       0
1820;       1
1821;       0
1822;       0
1823;       0
1824;       0
1825;       0
1826;       0
1827;       0
1828;       0
1829;       1
1830;       0
1831;       0
1832;       0
1833;       1
1834;       0
1835;       0
1836;       0
1837;       0
1838;       0
1839;       0
1840;       0
1841;       0
1842;       0
1843;       1
1844;       0
1845;       0
1846;       0
1847;       1
1848;       0
1849;       0
1850;       1
1851;       0
1852;       0
1853;       0
1854;       0
1855;       0
1856;       1
1857;       0
1858;       0
1859;       0
1860;       0
1861;       0
1862;       0
1863;       0
1864;       1
1865;       0
1866;       1
1867;       0
1868;       0
1869;       1
1870;       0
1871;       0
1872;       0
1873;       0
1874;       0
1875;       0
1876;       0
1877;       0
1878;       1
1879;       0
1880;       0
1881;       0
1882;       0
1883;       0
1884;       1
1885;       0
1886;       1
1887;       0
1888;       0
1889;       0
1890;       1
1891;       0
1892;       0
1893;       0
1894;       0
1895;       0
1896;       0
1897;       0
1898;       0
1899;       0
1900;       0
1901;       0
1902;       0
1903;       0
1904;       0
1905;       0
1906;       0
1907;       0
1908;       0
1909;       1
1910;       0
1911;       0
1912;       0
1913;       0
1914;       0
1915;       1
1916;       0
1917;       0
1918;       0
1919;       0
1920;       0
1921;       0
1922;       0
1923;       0
1924;       0
1925;       1
1926;       0
1927;       0
1928;       0
1929;       0
1930;       0
1931;       0
1932;       0
1933;       0
1934;       0
1935;       1
1936;       0
1937;       0
1938;       0
1939;       0
1940;       0
1941;       0
1942;       0
1943;       0
1944;       0
1945;       0
1946;       0
1947;       0
1948;       0
1949;       0
1950;       0
1951;       0
1952;       0
1953;       0
1954;       0
1955;       0
1956;       0
1957;       0
1958;       0
1959;       0
1960;       0
1961;       0
1962;       0
1963;       0
1964;       0
1965;       1
1966;       0
1967;       0
1968;       0
1969;       0
1970;       0
1971;       0
1972;       0
1973;       0
1974;       0
1975;       0
1976;       0
1977;       0
1978;       0
1979;       0
1980;       0
1981;       0
1982;       0
1983;       0
1984;       0
1985;       0
1986;       0
1987;       0
1988;       0
1989;       0
1990;       0
1991;       0
1992;       0
1993;       0
1994;       0
1995;       0
1996;       0
1997;       0
1998;       0
1999;       0
2000;       0
2001;       0
2002;       0
2003;       0
2004;       0
2005;       0
2006;       0
2007;       0
2008;       0
2009;       0
2010;       0
2011;       0
2012;       0
2013;       0
2014;       0
2015;       0
2016;       0
2017;       0
2018;       0
2019;       0
2020;       0
2021;       0
2022;       0
2023;       0
2024;       0
2025;       0
2026;       0
2027;       0
2028;       0
2029;       0
2030;       0
2031;       0
2032;       0
2033;       0
2034;       0
2035;       0
2036;       0
2037;       0
2038;       0
2039;       0
2040;       0
2041;       0
2042;       0
2043;       0
2044;       0
2045;       1
2046;       0
2047;       0
