   0;     881
   1;     734
   2;     496
   3;     287
   4;     127
   5;      37
   6;      11
   7;       4
   8;       0
   9;       0
  10;       1
  11;       1
  12;       0
  13;       0
  14;       0
  15;       0
  16;       0
  17;       0
  18;       0
  19;       0
  20;       0
  21;       0
  22;       0
  23;       0
  24;       0
  25;       0
  26;       0
  27;       0
  28;       0
  29;       4
  30;      17
  31;      66
  32;     101
  33;      98
  34;     124
  35;     120
  36;     111
  37;     117
  38;      99
  39;     101
  40;      93
  41;     101
  42;     101
  43;     102
  44;     111
  45;     119
  46;     119
  47;     125
  48;     129
  49;     114
  50;     109
  51;     106
  52;     121
  53;     103
  54;     105
  55;     106
  56;     112
  57;     113
  58;     106
  59;     105
  60;     103
  61;     106
  62;     101
  63;     122
  64;     101
  65;     102
  66;     102
  67;      94
  68;      88
  69;     108
  70;     103
  71;      88
  72;     100
  73;     100
  74;     109
  75;     101
  76;     101
  77;      83
  78;     113
  79;      82
  80;      76
  81;      86
  82;      82
  83;     100
  84;     114
  85;     101
  86;     102
  87;     123
  88;     107
  89;     100
  90;      88
  91;      95
  92;     109
  93;     104
  94;     121
  95;     112
  96;     142
  97;     137
  98;     144
  99;     130
 100;     119
 101;     117
 102;     123
 103;     113
 104;     117
 105;     105
 106;     109
 107;      95
 108;     119
 109;     128
 110;     156
 111;     173
 112;     233
 113;     258
 114;     292
 115;     315
 116;     313
 117;     296
 118;     265
 119;     229
 120;     206
 121;     175
 122;     166
 123;     173
 124;     190
 125;     225
 126;     230
 127;     222
 128;     301
 129;     374
 130;     548
 131;     787
 132;    1016
 133;    1158
 134;    1454
 135;    1476
 136;    1308
 137;    1178
 138;    1123
 139;    1018
 140;     977
 141;     994
 142;    1055
 143;    1154
 144;    1266
 145;    1355
 146;    1550
 147;    1520
 148;    1502
 149;    1407
 150;    1176
 151;     856
 152;     618
 153;     474
 154;     365
 155;     337
 156;     331
 157;     317
 158;     388
 159;     344
 160;     339
 161;     318
 162;     335
 163;     319
 164;     332
 165;     340
 166;     324
 167;     328
 168;     285
 169;     257
 170;     238
 171;     222
 172;     211
 173;     197
 174;     213
 175;     244
 176;     279
 177;     462
 178;     586
 179;     938
 180;    1416
 181;    1898
 182;    2626
 183;    3178
 184;    3405
 185;    3371
 186;    2964
 187;    2321
 188;    1681
 189;    1097
 190;     708
 191;     513
 192;     396
 193;     340
 194;     365
 195;     466
 196;     533
 197;     674
 198;     727
 199;     803
 200;     820
 201;     795
 202;     758
 203;     605
 204;     564
 205;     413
 206;     348
 207;     299
 208;     267
 209;     272
 210;     277
 211;     292
 212;     327
 213;     373
 214;     392
 215;     566
 216;     723
 217;    1070
 218;    1709
 219;    2734
 220;    3761
 221;    5218
 222;    6446
 223;    7574
 224;    7984
 225;    8101
 226;    7179
 227;    5910
 228;    4444
 229;    3118
 230;    1965
 231;    1241
 232;     758
 233;     579
 234;     665
 235;     728
 236;    1001
 237;    1379
 238;    1827
 239;    2437
 240;    2897
 241;    3331
 242;    3270
 243;    3284
 244;    3118
 245;    2898
 246;    2538
 247;    2128
 248;    1710
 249;    1415
 250;    1087
 251;     842
 252;     729
 253;     687
 254;     766
 255;     865
 256;     962
 257;     951
 258;    1021
 259;     903
 260;     812
 261;     669
 262;     507
 263;     407
 264;     364
 265;     303
 266;     268
 267;     276
 268;     320
 269;     309
 270;     319
 271;     351
 272;     443
 273;     434
 274;     575
 275;     581
 276;     622
 277;     609
 278;     514
 279;     522
 280;     417
 281;     367
 282;     361
 283;     329
 284;     330
 285;     339
 286;     356
 287;     410
 288;     423
 289;     431
 290;     438
 291;     422
 292;     373
 293;     362
 294;     359
 295;     302
 296;     340
 297;     303
 298;     317
 299;     296
 300;     298
 301;     297
 302;     263
 303;     249
 304;     264
 305;     261
 306;     298
 307;     312
 308;     330
 309;     367
 310;     368
 311;     408
 312;     421
 313;     473
 314;     541
 315;     625
 316;     774
 317;     806
 318;     862
 319;     943
 320;     886
 321;     851
 322;     698
 323;     597
 324;     552
 325;     408
 326;     356
 327;     308
 328;     285
 329;     288
 330;     252
 331;     263
 332;     279
 333;     280
 334;     292
 335;     306
 336;     299
 337;     334
 338;     358
 339;     316
 340;     345
 341;     337
 342;     364
 343;     369
 344;     393
 345;     419
 346;     396
 347;     373
 348;     364
 349;     429
 350;     419
 351;     374
 352;     397
 353;     416
 354;     431
 355;     366
 356;     401
 357;     375
 358;     433
 359;     434
 360;     468
 361;     538
 362;     583
 363;     619
 364;     652
 365;     704
 366;     730
 367;     753
 368;     828
 369;     901
 370;     993
 371;     993
 372;    1061
 373;    1035
 374;     994
 375;     841
 376;     727
 377;     630
 378;     510
 379;     444
 380;     324
 381;     308
 382;     276
 383;     240
 384;     282
 385;     216
 386;     213
 387;     252
 388;     250
 389;     233
 390;     266
 391;     253
 392;     258
 393;     225
 394;     250
 395;     266
 396;     257
 397;     270
 398;     265
 399;     310
 400;     302
 401;     344
 402;     319
 403;     340
 404;     363
 405;     319
 406;     327
 407;     325
 408;     325
 409;     274
 410;     334
 411;     325
 412;     344
 413;     326
 414;     319
 415;     338
 416;     299
 417;     306
 418;     308
 419;     363
 420;     390
 421;     483
 422;     642
 423;    1024
 424;    1464
 425;    2012
 426;    2896
 427;    3812
 428;    4825
 429;    5657
 430;    6182
 431;    6371
 432;    6064
 433;    5693
 434;    4638
 435;    3750
 436;    2810
 437;    1993
 438;    1341
 439;     940
 440;     582
 441;     422
 442;     344
 443;     259
 444;     240
 445;     232
 446;     221
 447;     213
 448;     223
 449;     201
 450;     220
 451;     210
 452;     225
 453;     215
 454;     197
 455;     217
 456;     214
 457;     241
 458;     216
 459;     226
 460;     215
 461;     176
 462;     231
 463;     210
 464;     229
 465;     241
 466;     224
 467;     247
 468;     262
 469;     310
 470;     368
 471;     432
 472;     508
 473;     602
 474;     775
 475;     899
 476;    1008
 477;    1120
 478;    1054
 479;    1051
 480;     911
 481;     871
 482;     703
 483;     554
 484;     435
 485;     360
 486;     287
 487;     264
 488;     239
 489;     200
 490;     198
 491;     202
 492;     211
 493;     206
 494;     201
 495;     185
 496;     197
 497;     194
 498;     183
 499;     176
 500;     197
 501;     183
 502;     175
 503;     162
 504;     178
 505;     192
 506;     167
 507;     200
 508;     184
 509;     161
 510;     183
 511;     190
 512;     186
 513;     170
 514;     161
 515;     203
 516;     169
 517;     189
 518;     187
 519;     170
 520;     166
 521;     189
 522;     185
 523;     210
 524;     171
 525;     206
 526;     189
 527;     210
 528;     194
 529;     200
 530;     201
 531;     189
 532;     206
 533;     186
 534;     147
 535;     175
 536;     165
 537;     185
 538;     171
 539;     189
 540;     173
 541;     164
 542;     155
 543;     154
 544;     169
 545;     160
 546;     165
 547;     161
 548;     182
 549;     183
 550;     187
 551;     180
 552;     177
 553;     178
 554;     204
 555;     185
 556;     168
 557;     170
 558;     176
 559;     181
 560;     207
 561;     163
 562;     162
 563;     163
 564;     184
 565;     159
 566;     179
 567;     166
 568;     173
 569;     179
 570;     185
 571;     178
 572;     163
 573;     173
 574;     168
 575;     162
 576;     185
 577;     193
 578;     152
 579;     173
 580;     184
 581;     170
 582;     174
 583;     165
 584;     175
 585;     176
 586;     176
 587;     188
 588;     195
 589;     185
 590;     177
 591;     177
 592;     182
 593;     158
 594;     183
 595;     167
 596;     197
 597;     168
 598;     163
 599;     171
 600;     189
 601;     149
 602;     170
 603;     162
 604;     170
 605;     172
 606;     174
 607;     189
 608;     157
 609;     166
 610;     189
 611;     157
 612;     162
 613;     156
 614;     179
 615;     163
 616;     164
 617;     164
 618;     155
 619;     142
 620;     168
 621;     164
 622;     172
 623;     163
 624;     195
 625;     190
 626;     162
 627;     181
 628;     191
 629;     168
 630;     180
 631;     195
 632;     169
 633;     190
 634;     185
 635;     176
 636;     183
 637;     178
 638;     157
 639;     166
 640;     184
 641;     160
 642;     187
 643;     176
 644;     174
 645;     141
 646;     153
 647;     160
 648;     188
 649;     158
 650;     173
 651;     153
 652;     173
 653;     154
 654;     150
 655;     158
 656;     162
 657;     150
 658;     161
 659;     160
 660;     175
 661;     194
 662;     159
 663;     195
 664;     168
 665;     165
 666;     175
 667;     156
 668;     153
 669;     181
 670;     165
 671;     165
 672;     159
 673;     152
 674;     147
 675;     162
 676;     135
 677;     167
 678;     172
 679;     146
 680;     146
 681;     174
 682;     150
 683;     149
 684;     156
 685;     164
 686;     162
 687;     155
 688;     155
 689;     170
 690;     158
 691;     143
 692;     139
 693;     144
 694;     178
 695;     177
 696;     180
 697;     208
 698;     220
 699;     179
 700;     220
 701;     224
 702;     304
 703;     275
 704;     292
 705;     339
 706;     290
 707;     287
 708;     273
 709;     276
 710;     265
 711;     248
 712;     214
 713;     199
 714;     196
 715;     171
 716;     169
 717;     158
 718;     149
 719;     152
 720;     161
 721;     143
 722;     156
 723;     155
 724;     145
 725;     169
 726;     166
 727;     138
 728;     160
 729;     150
 730;     140
 731;     159
 732;     166
 733;     146
 734;     147
 735;     145
 736;     155
 737;     133
 738;     152
 739;     177
 740;     163
 741;     160
 742;     149
 743;     135
 744;     164
 745;     157
 746;     143
 747;     130
 748;     124
 749;     146
 750;     151
 751;     160
 752;     165
 753;     152
 754;     138
 755;     161
 756;     151
 757;     157
 758;     149
 759;     129
 760;     144
 761;     146
 762;     145
 763;     137
 764;     132
 765;     133
 766;     137
 767;     136
 768;     154
 769;     148
 770;     142
 771;     132
 772;     149
 773;     144
 774;     149
 775;     145
 776;     144
 777;     147
 778;     130
 779;     136
 780;     133
 781;     137
 782;     137
 783;     113
 784;     156
 785;     173
 786;     153
 787;     143
 788;     182
 789;     182
 790;     164
 791;     183
 792;     177
 793;     159
 794;     164
 795;     154
 796;     137
 797;     141
 798;     154
 799;     155
 800;     147
 801;     155
 802;     151
 803;     142
 804;     144
 805;     129
 806;     135
 807;     127
 808;     140
 809;     152
 810;     146
 811;     145
 812;     133
 813;     137
 814;     143
 815;     137
 816;     140
 817;     119
 818;     145
 819;     143
 820;     147
 821;     155
 822;     164
 823;     145
 824;     143
 825;     164
 826;     159
 827;     166
 828;     181
 829;     162
 830;     165
 831;     168
 832;     168
 833;     164
 834;     147
 835;     153
 836;     115
 837;     142
 838;     127
 839;     125
 840;     153
 841;     151
 842;     158
 843;     128
 844;     145
 845;     137
 846;     139
 847;     148
 848;     112
 849;     121
 850;     134
 851;     135
 852;     149
 853;     139
 854;     132
 855;     125
 856;     133
 857;     135
 858;     151
 859;     165
 860;     152
 861;     163
 862;     183
 863;     158
 864;     203
 865;     194
 866;     211
 867;     238
 868;     220
 869;     222
 870;     234
 871;     237
 872;     231
 873;     254
 874;     230
 875;     227
 876;     199
 877;     241
 878;     177
 879;     201
 880;     159
 881;     165
 882;     145
 883;     146
 884;     141
 885;     124
 886;     148
 887;     140
 888;     163
 889;     142
 890;     157
 891;     147
 892;     131
 893;     160
 894;     147
 895;     152
 896;     146
 897;     149
 898;     154
 899;     168
 900;     148
 901;     146
 902;     173
 903;     164
 904;     161
 905;     161
 906;     168
 907;     169
 908;     177
 909;     187
 910;     186
 911;     202
 912;     183
 913;     201
 914;     196
 915;     220
 916;     227
 917;     232
 918;     235
 919;     252
 920;     274
 921;     277
 922;     312
 923;     329
 924;     270
 925;     318
 926;     363
 927;     375
 928;     388
 929;     402
 930;     414
 931;     420
 932;     432
 933;     418
 934;     484
 935;     504
 936;     485
 937;     467
 938;     489
 939;     470
 940;     429
 941;     450
 942;     470
 943;     451
 944;     429
 945;     479
 946;     462
 947;     453
 948;     419
 949;     425
 950;     405
 951;     366
 952;     350
 953;     362
 954;     367
 955;     326
 956;     359
 957;     309
 958;     309
 959;     264
 960;     233
 961;     285
 962;     260
 963;     248
 964;     243
 965;     233
 966;     208
 967;     204
 968;     185
 969;     190
 970;     209
 971;     173
 972;     179
 973;     167
 974;     168
 975;     185
 976;     173
 977;     150
 978;     169
 979;     166
 980;     153
 981;     135
 982;     133
 983;     126
 984;     140
 985;     144
 986;     132
 987;     128
 988;     121
 989;     127
 990;     129
 991;     124
 992;     122
 993;     138
 994;     149
 995;     142
 996;     141
 997;     135
 998;     172
 999;     181
1000;     180
1001;     195
1002;     193
1003;     240
1004;     232
1005;     227
1006;     253
1007;     251
1008;     227
1009;     243
1010;     249
1011;     231
1012;     194
1013;     210
1014;     203
1015;     157
1016;     161
1017;     139
1018;     128
1019;     132
1020;     115
1021;     125
1022;     114
1023;     115
1024;     103
1025;     118
1026;      91
1027;     122
1028;     105
1029;     108
1030;      96
1031;     135
1032;     118
1033;     125
1034;      96
1035;     143
1036;     134
1037;     132
1038;     137
1039;     143
1040;     157
1041;     155
1042;     172
1043;     158
1044;     152
1045;     162
1046;     181
1047;     195
1048;     217
1049;     164
1050;     227
1051;     226
1052;     229
1053;     217
1054;     226
1055;     235
1056;     227
1057;     206
1058;     204
1059;     199
1060;     211
1061;     188
1062;     177
1063;     169
1064;     148
1065;     155
1066;     157
1067;     138
1068;     151
1069;     124
1070;     138
1071;     125
1072;     109
1073;     100
1074;     112
1075;     110
1076;     112
1077;     119
1078;      99
1079;      99
1080;      97
1081;      89
1082;      67
1083;     104
1084;      80
1085;      93
1086;     106
1087;      92
1088;      87
1089;      91
1090;      72
1091;      83
1092;      72
1093;      86
1094;      76
1095;      77
1096;      76
1097;      70
1098;      92
1099;      82
1100;      74
1101;      78
1102;      70
1103;      88
1104;      82
1105;      69
1106;      68
1107;      68
1108;      66
1109;      72
1110;      67
1111;      84
1112;      75
1113;      57
1114;      79
1115;      66
1116;      66
1117;      69
1118;      63
1119;      55
1120;      63
1121;      61
1122;      50
1123;      63
1124;      80
1125;      73
1126;      89
1127;      83
1128;      70
1129;      66
1130;      82
1131;      86
1132;      86
1133;      87
1134;      81
1135;      92
1136;      81
1137;      95
1138;      78
1139;      72
1140;      69
1141;      80
1142;      82
1143;      74
1144;      53
1145;      50
1146;      53
1147;      63
1148;      69
1149;      58
1150;      61
1151;      55
1152;      57
1153;      67
1154;      68
1155;      70
1156;      70
1157;      63
1158;      67
1159;      66
1160;      56
1161;      63
1162;      72
1163;      49
1164;      67
1165;      61
1166;      69
1167;      58
1168;      60
1169;      74
1170;      64
1171;      59
1172;      58
1173;      54
1174;      57
1175;      62
1176;      58
1177;      67
1178;      63
1179;      67
1180;      50
1181;      66
1182;      61
1183;      70
1184;      69
1185;      70
1186;      73
1187;      64
1188;      94
1189;      57
1190;      65
1191;      82
1192;      80
1193;      68
1194;      86
1195;      71
1196;      72
1197;      49
1198;      65
1199;      64
1200;      57
1201;      54
1202;      64
1203;      73
1204;      51
1205;      48
1206;      63
1207;      54
1208;      51
1209;      54
1210;      45
1211;      36
1212;      50
1213;      55
1214;      36
1215;      49
1216;      51
1217;      57
1218;      60
1219;      63
1220;      57
1221;      54
1222;      42
1223;      53
1224;      56
1225;      46
1226;      49
1227;      51
1228;      38
1229;      50
1230;      39
1231;      61
1232;      52
1233;      56
1234;      40
1235;      38
1236;      47
1237;      57
1238;      35
1239;      27
1240;      48
1241;      45
1242;      36
1243;      45
1244;      58
1245;      47
1246;      47
1247;      60
1248;      50
1249;      48
1250;      49
1251;      50
1252;      38
1253;      47
1254;      51
1255;      48
1256;      50
1257;      45
1258;      50
1259;      51
1260;      46
1261;      44
1262;      43
1263;      47
1264;      48
1265;      47
1266;      57
1267;      46
1268;      46
1269;      39
1270;      39
1271;      47
1272;      45
1273;      29
1274;      41
1275;      48
1276;      49
1277;      37
1278;      56
1279;      52
1280;      34
1281;      42
1282;      47
1283;      45
1284;      40
1285;      35
1286;      39
1287;      47
1288;      47
1289;      51
1290;      35
1291;      43
1292;      41
1293;      36
1294;      37
1295;      41
1296;      52
1297;      49
1298;      50
1299;      42
1300;      36
1301;      44
1302;      24
1303;      43
1304;      53
1305;      38
1306;      36
1307;      29
1308;      44
1309;      39
1310;      46
1311;      37
1312;      51
1313;      40
1314;      37
1315;      35
1316;      35
1317;      33
1318;      41
1319;      39
1320;      31
1321;      36
1322;      30
1323;      33
1324;      34
1325;      48
1326;      35
1327;      41
1328;      52
1329;      45
1330;      42
1331;      41
1332;      36
1333;      15
1334;      39
1335;      44
1336;      33
1337;      48
1338;      36
1339;      40
1340;      34
1341;      32
1342;      48
1343;      39
1344;      39
1345;      43
1346;      35
1347;      46
1348;      35
1349;      28
1350;      42
1351;      30
1352;      55
1353;      33
1354;      29
1355;      40
1356;      29
1357;      39
1358;      31
1359;      41
1360;      36
1361;      33
1362;      28
1363;      31
1364;      24
1365;      35
1366;      44
1367;      47
1368;      32
1369;      40
1370;      35
1371;      29
1372;      33
1373;      25
1374;      35
1375;      31
1376;      33
1377;      16
1378;      27
1379;      42
1380;      28
1381;      38
1382;      29
1383;      32
1384;      36
1385;      29
1386;      25
1387;      39
1388;      33
1389;      28
1390;      30
1391;      36
1392;      35
1393;      39
1394;      15
1395;      31
1396;      37
1397;      27
1398;      28
1399;      35
1400;      28
1401;      29
1402;      32
1403;      20
1404;      33
1405;      29
1406;      32
1407;      37
1408;      28
1409;      34
1410;      26
1411;      26
1412;      20
1413;      32
1414;      34
1415;      28
1416;      32
1417;      29
1418;      22
1419;      27
1420;      23
1421;      23
1422;      37
1423;      26
1424;      35
1425;      27
1426;      30
1427;      25
1428;      26
1429;      22
1430;      31
1431;      24
1432;      35
1433;      32
1434;      26
1435;      30
1436;      30
1437;      33
1438;      33
1439;      33
1440;      33
1441;      27
1442;      23
1443;      33
1444;      17
1445;      31
1446;      24
1447;      22
1448;      35
1449;      26
1450;      18
1451;      25
1452;      22
1453;      32
1454;      22
1455;      19
1456;      23
1457;      17
1458;      21
1459;      16
1460;      22
1461;      22
1462;      31
1463;      30
1464;      23
1465;      22
1466;      26
1467;      18
1468;      21
1469;      15
1470;      18
1471;      16
1472;      23
1473;      22
1474;      14
1475;      21
1476;      29
1477;      26
1478;      20
1479;      24
1480;      16
1481;      19
1482;      22
1483;      28
1484;      26
1485;      21
1486;      21
1487;      28
1488;      20
1489;      27
1490;      19
1491;      12
1492;      31
1493;      21
1494;      24
1495;      20
1496;      26
1497;      16
1498;      32
1499;      17
1500;      14
1501;      18
1502;      25
1503;      22
1504;      22
1505;      18
1506;      13
1507;      30
1508;      24
1509;      12
1510;      24
1511;      21
1512;      26
1513;      20
1514;      16
1515;      19
1516;      17
1517;      17
1518;      19
1519;      20
1520;      15
1521;      23
1522;      22
1523;      24
1524;      20
1525;      20
1526;      20
1527;      23
1528;      13
1529;      19
1530;      21
1531;      17
1532;       9
1533;      19
1534;      19
1535;      24
1536;      16
1537;      18
1538;      16
1539;      11
1540;      23
1541;      17
1542;      18
1543;      19
1544;      16
1545;      16
1546;      13
1547;      19
1548;      12
1549;      17
1550;      14
1551;      21
1552;      18
1553;      18
1554;      17
1555;      20
1556;      19
1557;      13
1558;      22
1559;      14
1560;      19
1561;      17
1562;      23
1563;      10
1564;      18
1565;      18
1566;      11
1567;      21
1568;      16
1569;      10
1570;      11
1571;       8
1572;      12
1573;      16
1574;      10
1575;      14
1576;      14
1577;      22
1578;      20
1579;      19
1580;      16
1581;      15
1582;      27
1583;      20
1584;      20
1585;      26
1586;      28
1587;      18
1588;      17
1589;      27
1590;      21
1591;      23
1592;      22
1593;      23
1594;      28
1595;      18
1596;      28
1597;      26
1598;      22
1599;      18
1600;      25
1601;      24
1602;      23
1603;      28
1604;      21
1605;      26
1606;      27
1607;      21
1608;      25
1609;      37
1610;      33
1611;      28
1612;      22
1613;      30
1614;      25
1615;      17
1616;      26
1617;      18
1618;      16
1619;      14
1620;      15
1621;      12
1622;      14
1623;      12
1624;      12
1625;      16
1626;      12
1627;       5
1628;      13
1629;      12
1630;       6
1631;      12
1632;      11
1633;      11
1634;      10
1635;       9
1636;      10
1637;       8
1638;       5
1639;       8
1640;       7
1641;       8
1642;       9
1643;       7
1644;      16
1645;      11
1646;       6
1647;      14
1648;      10
1649;      15
1650;      11
1651;      15
1652;      11
1653;      10
1654;       9
1655;       9
1656;       8
1657;       8
1658;       7
1659;       8
1660;       8
1661;      14
1662;       4
1663;       9
1664;       5
1665;       6
1666;       4
1667;       7
1668;       3
1669;       4
1670;       2
1671;       8
1672;       8
1673;       5
1674;       7
1675;       9
1676;       8
1677;       6
1678;       4
1679;      13
1680;       4
1681;       7
1682;       6
1683;       9
1684;       3
1685;       3
1686;       4
1687;       3
1688;       5
1689;       6
1690;       5
1691;       4
1692;       5
1693;       7
1694;       5
1695;       6
1696;       4
1697;       3
1698;       1
1699;       1
1700;       3
1701;       2
1702;       7
1703;       1
1704;       7
1705;       0
1706;       6
1707;       2
1708;       3
1709;       3
1710;       5
1711;       2
1712;       6
1713;       2
1714;       3
1715;       2
1716;       4
1717;       2
1718;       3
1719;       3
1720;       4
1721;       4
1722;       4
1723;       2
1724;       6
1725;       2
1726;       0
1727;       5
1728;       2
1729;       3
1730;       2
1731;       2
1732;       0
1733;       3
1734;       2
1735;       5
1736;       6
1737;       2
1738;       3
1739;       1
1740;       0
1741;       2
1742;       0
1743;       4
1744;       3
1745;       3
1746;       0
1747;       1
1748;       1
1749;       0
1750;       2
1751;       2
1752;       3
1753;       1
1754;       0
1755;       1
1756;       3
1757;       0
1758;       1
1759;       0
1760;       1
1761;       2
1762;       1
1763;       0
1764;       0
1765;       2
1766;       0
1767;       1
1768;       1
1769;       1
1770;       0
1771;       2
1772;       1
1773;       1
1774;       0
1775;       1
1776;       1
1777;       2
1778;       2
1779;       1
1780;       4
1781;       0
1782;       0
1783;       0
1784;       1
1785;       1
1786;       2
1787;       0
1788;       1
1789;       2
1790;       1
1791;       0
1792;       0
1793;       2
1794;       0
1795;       5
1796;       0
1797;       2
1798;       1
1799;       0
1800;       1
1801;       1
1802;       2
1803;       3
1804;       2
1805;       0
1806;       3
1807;       4
1808;       4
1809;       5
1810;       1
1811;       5
1812;       5
1813;       3
1814;       7
1815;       5
1816;       3
1817;       0
1818;       4
1819;       1
1820;       1
1821;       3
1822;       2
1823;       1
1824;       1
1825;       0
1826;       1
1827;       1
1828;       1
1829;       2
1830;       1
1831;       1
1832;       0
1833;       0
1834;       1
1835;       1
1836;       0
1837;       0
1838;       1
1839;       0
1840;       0
1841;       0
1842;       0
1843;       0
1844;       0
1845;       1
1846;       0
1847;       0
1848;       1
1849;       1
1850;       0
1851;       1
1852;       0
1853;       0
1854;       1
1855;       1
1856;       1
1857;       0
1858;       0
1859;       0
1860;       1
1861;       1
1862;       2
1863;       3
1864;       1
1865;       0
1866;       0
1867;       0
1868;       0
1869;       0
1870;       0
1871;       0
1872;       0
1873;       0
1874;       1
1875;       0
1876;       1
1877;       0
1878;       0
1879;       0
1880;       0
1881;       0
1882;       0
1883;       0
1884;       1
1885;       0
1886;       0
1887;       1
1888;       1
1889;       0
1890;       0
1891;       0
1892;       0
1893;       1
1894;       0
1895;       0
1896;       2
1897;       1
1898;       0
1899;       0
1900;       1
1901;       0
1902;       0
1903;       0
1904;       0
1905;       0
1906;       0
1907;       0
1908;       0
1909;       0
1910;       0
1911;       0
1912;       0
1913;       0
1914;       0
1915;       0
1916;       0
1917;       0
1918;       0
1919;       0
1920;       0
1921;       0
1922;       0
1923;       0
1924;       0
1925;       0
1926;       0
1927;       0
1928;       0
1929;       0
1930;       0
1931;       0
1932;       0
1933;       0
1934;       0
1935;       0
1936;       0
1937;       0
1938;       0
1939;       0
1940;       0
1941;       0
1942;       0
1943;       0
1944;       0
1945;       0
1946;       0
1947;       0
1948;       0
1949;       0
1950;       0
1951;       0
1952;       0
1953;       0
1954;       0
1955;       0
1956;       0
1957;       0
1958;       0
1959;       0
1960;       0
1961;       0
1962;       0
1963;       0
1964;       0
1965;       0
1966;       0
1967;       0
1968;       0
1969;       0
1970;       0
1971;       0
1972;       0
1973;       0
1974;       0
1975;       0
1976;       0
1977;       0
1978;       0
1979;       0
1980;       0
1981;       0
1982;       0
1983;       0
1984;       0
1985;       0
1986;       0
1987;       0
1988;       0
1989;       0
1990;       0
1991;       0
1992;       0
1993;       0
1994;       0
1995;       0
1996;       0
1997;       0
1998;       0
1999;       0
2000;       0
2001;       0
2002;       0
2003;       0
2004;       0
2005;       0
2006;       0
2007;       0
2008;       0
2009;       0
2010;       0
2011;       0
2012;       0
2013;       0
2014;       0
2015;       0
2016;       0
2017;       0
2018;       0
2019;       0
2020;       0
2021;       0
2022;       0
2023;       0
2024;       0
2025;       0
2026;       0
2027;       0
2028;       0
2029;       0
2030;       0
2031;       0
2032;       0
2033;       0
2034;       0
2035;       0
2036;       1
2037;       0
2038;       0
2039;       0
2040;       0
2041;       0
2042;       0
2043;       0
2044;       0
2045;       0
2046;       0
2047;       0
