   0;     821
   1;     714
   2;     474
   3;     266
   4;     119
   5;      49
   6;      18
   7;       2
   8;       0
   9;       0
  10;       0
  11;       0
  12;       0
  13;       0
  14;       0
  15;       0
  16;       0
  17;       0
  18;       0
  19;       0
  20;       0
  21;       0
  22;       0
  23;       0
  24;       0
  25;       0
  26;       0
  27;       0
  28;       1
  29;       1
  30;      22
  31;      64
  32;     103
  33;     104
  34;     123
  35;     107
  36;     102
  37;     114
  38;     110
  39;     106
  40;     115
  41;      95
  42;      83
  43;     112
  44;     118
  45;     119
  46;     107
  47;     117
  48;     113
  49;     104
  50;      90
  51;      85
  52;     103
  53;      87
  54;     102
  55;      83
  56;      94
  57;      90
  58;     109
  59;      98
  60;     104
  61;     110
  62;     122
  63;     101
  64;      97
  65;      99
  66;     101
  67;      83
  68;      83
  69;      81
  70;      94
  71;      79
  72;      89
  73;      99
  74;     108
  75;      92
  76;      83
  77;      84
  78;      95
  79;      97
  80;      91
  81;      90
  82;      93
  83;     110
  84;      97
  85;      97
  86;     120
  87;      86
  88;     114
  89;     103
  90;     103
  91;      97
  92;     106
  93;     104
  94;     124
  95;     133
  96;     151
  97;     120
  98;     139
  99;     139
 100;     144
 101;     116
 102;     128
 103;     121
 104;      94
 105;      92
 106;     109
 107;     122
 108;     143
 109;     122
 110;     180
 111;     188
 112;     245
 113;     277
 114;     395
 115;     441
 116;     453
 117;     494
 118;     482
 119;     420
 120;     399
 121;     418
 122;     358
 123;     369
 124;     287
 125;     295
 126;     239
 127;     276
 128;     325
 129;     427
 130;     582
 131;     862
 132;    1070
 133;    1295
 134;    1328
 135;    1368
 136;    1254
 137;    1132
 138;    1001
 139;     973
 140;     927
 141;     992
 142;    1095
 143;    1174
 144;    1265
 145;    1379
 146;    1523
 147;    1551
 148;    1454
 149;    1283
 150;    1052
 151;     817
 152;     535
 153;     417
 154;     326
 155;     301
 156;     333
 157;     305
 158;     335
 159;     335
 160;     298
 161;     289
 162;     267
 163;     272
 164;     287
 165;     287
 166;     272
 167;     235
 168;     224
 169;     219
 170;     204
 171;     204
 172;     218
 173;     186
 174;     224
 175;     318
 176;     365
 177;     502
 178;     830
 179;    1460
 180;    2206
 181;    3042
 182;    3894
 183;    4517
 184;    4930
 185;    4536
 186;    3828
 187;    2881
 188;    1956
 189;    1232
 190;     755
 191;     515
 192;     370
 193;     320
 194;     363
 195;     423
 196;     518
 197;     674
 198;     851
 199;     931
 200;     976
 201;     888
 202;     817
 203;     665
 204;     519
 205;     400
 206;     295
 207;     270
 208;     220
 209;     210
 210;     230
 211;     202
 212;     202
 213;     208
 214;     191
 215;     221
 216;     210
 217;     206
 218;     244
 219;     255
 220;     276
 221;     291
 222;     333
 223;     318
 224;     346
 225;     351
 226;     349
 227;     354
 228;     282
 229;     277
 230;     254
 231;     218
 232;     252
 233;     221
 234;     212
 235;     228
 236;     206
 237;     231
 238;     233
 239;     245
 240;     251
 241;     278
 242;     244
 243;     266
 244;     240
 245;     243
 246;     274
 247;     259
 248;     249
 249;     245
 250;     235
 251;     238
 252;     237
 253;     226
 254;     261
 255;     246
 256;     253
 257;     228
 258;     257
 259;     263
 260;     308
 261;     339
 262;     409
 263;     614
 264;     827
 265;    1242
 266;    1662
 267;    2275
 268;    2684
 269;    2998
 270;    3111
 271;    2858
 272;    2380
 273;    1879
 274;    1429
 275;     976
 276;     695
 277;     481
 278;     394
 279;     277
 280;     283
 281;     300
 282;     258
 283;     289
 284;     253
 285;     293
 286;     282
 287;     276
 288;     312
 289;     332
 290;     431
 291;     459
 292;     578
 293;     633
 294;     699
 295;     783
 296;     790
 297;     729
 298;     667
 299;     642
 300;     555
 301;     448
 302;     412
 303;     379
 304;     337
 305;     327
 306;     351
 307;     362
 308;     371
 309;     428
 310;     429
 311;     507
 312;     618
 313;     788
 314;     969
 315;    1176
 316;    1514
 317;    1710
 318;    1806
 319;    1870
 320;    1764
 321;    1607
 322;    1416
 323;    1064
 324;     795
 325;     553
 326;     469
 327;     399
 328;     334
 329;     316
 330;     328
 331;     332
 332;     303
 333;     295
 334;     333
 335;     349
 336;     355
 337;     372
 338;     353
 339;     358
 340;     369
 341;     411
 342;     416
 343;     422
 344;     420
 345;     440
 346;     553
 347;     469
 348;     518
 349;     567
 350;     557
 351;     526
 352;     547
 353;     575
 354;     514
 355;     510
 356;     515
 357;     524
 358;     486
 359;     491
 360;     551
 361;     565
 362;     616
 363;     630
 364;     681
 365;     702
 366;     789
 367;     831
 368;     958
 369;    1031
 370;    1112
 371;    1153
 372;    1226
 373;    1144
 374;    1069
 375;     903
 376;     734
 377;     650
 378;     555
 379;     453
 380;     338
 381;     295
 382;     304
 383;     298
 384;     284
 385;     284
 386;     250
 387;     263
 388;     308
 389;     262
 390;     261
 391;     288
 392;     264
 393;     318
 394;     347
 395;     361
 396;     424
 397;     516
 398;     545
 399;     636
 400;     701
 401;     730
 402;     653
 403;     601
 404;     532
 405;     524
 406;     448
 407;     429
 408;     376
 409;     375
 410;     388
 411;     395
 412;     347
 413;     401
 414;     340
 415;     309
 416;     284
 417;     276
 418;     257
 419;     273
 420;     277
 421;     289
 422;     281
 423;     302
 424;     344
 425;     451
 426;     496
 427;     562
 428;     599
 429;     693
 430;     676
 431;     701
 432;     606
 433;     569
 434;     514
 435;     424
 436;     393
 437;     341
 438;     330
 439;     356
 440;     332
 441;     305
 442;     325
 443;     321
 444;     313
 445;     309
 446;     314
 447;     308
 448;     306
 449;     329
 450;     362
 451;     387
 452;     426
 453;     566
 454;     613
 455;     767
 456;     758
 457;     851
 458;     900
 459;     868
 460;     760
 461;     697
 462;     633
 463;     516
 464;     424
 465;     388
 466;     359
 467;     306
 468;     273
 469;     257
 470;     290
 471;     294
 472;     269
 473;     310
 474;     320
 475;     323
 476;     306
 477;     350
 478;     321
 479;     317
 480;     303
 481;     300
 482;     272
 483;     277
 484;     276
 485;     270
 486;     255
 487;     238
 488;     230
 489;     258
 490;     249
 491;     266
 492;     266
 493;     269
 494;     270
 495;     253
 496;     266
 497;     271
 498;     243
 499;     278
 500;     277
 501;     271
 502;     284
 503;     275
 504;     270
 505;     307
 506;     320
 507;     325
 508;     298
 509;     324
 510;     411
 511;     428
 512;     500
 513;     572
 514;     825
 515;    1127
 516;    1528
 517;    2105
 518;    3160
 519;    4236
 520;    5437
 521;    7068
 522;    8670
 523;   10507
 524;   11636
 525;   12382
 526;   12641
 527;   12105
 528;   11286
 529;    9484
 530;    7642
 531;    5794
 532;    4329
 533;    3050
 534;    1999
 535;    1355
 536;     937
 537;     605
 538;     445
 539;     336
 540;     295
 541;     264
 542;     268
 543;     257
 544;     281
 545;     252
 546;     274
 547;     220
 548;     204
 549;     233
 550;     199
 551;     243
 552;     244
 553;     237
 554;     233
 555;     212
 556;     230
 557;     225
 558;     255
 559;     279
 560;     305
 561;     348
 562;     321
 563;     359
 564;     351
 565;     405
 566;     434
 567;     336
 568;     375
 569;     375
 570;     328
 571;     293
 572;     264
 573;     297
 574;     247
 575;     266
 576;     239
 577;     241
 578;     236
 579;     217
 580;     235
 581;     242
 582;     228
 583;     221
 584;     249
 585;     216
 586;     204
 587;     234
 588;     227
 589;     216
 590;     234
 591;     246
 592;     209
 593;     243
 594;     239
 595;     282
 596;     265
 597;     289
 598;     314
 599;     308
 600;     324
 601;     394
 602;     388
 603;     431
 604;     476
 605;     525
 606;     535
 607;     570
 608;     624
 609;     700
 610;     728
 611;     740
 612;     797
 613;     804
 614;     757
 615;     790
 616;     765
 617;     805
 618;     966
 619;    1213
 620;    1499
 621;    2106
 622;    2756
 623;    3704
 624;    4879
 625;    5896
 626;    7012
 627;    8113
 628;    8638
 629;    8918
 630;    8668
 631;    8099
 632;    6936
 633;    5914
 634;    4826
 635;    3831
 636;    2974
 637;    2306
 638;    1780
 639;    1364
 640;    1083
 641;     911
 642;     767
 643;     691
 644;     629
 645;     585
 646;     527
 647;     586
 648;     534
 649;     476
 650;     469
 651;     456
 652;     399
 653;     360
 654;     350
 655;     277
 656;     257
 657;     254
 658;     215
 659;     191
 660;     142
 661;     158
 662;     150
 663;     150
 664;     189
 665;     139
 666;     191
 667;     132
 668;     162
 669;     135
 670;     162
 671;     151
 672;     151
 673;     123
 674;     124
 675;     126
 676;     134
 677;     119
 678;     142
 679;     134
 680;     123
 681;     111
 682;     112
 683;     110
 684;     133
 685;     125
 686;     135
 687;     120
 688;     126
 689;     108
 690;     117
 691;     125
 692;     120
 693;     124
 694;     124
 695;     125
 696;     140
 697;     131
 698;     132
 699;     160
 700;     153
 701;     158
 702;     150
 703;     167
 704;     181
 705;     203
 706;     201
 707;     179
 708;     168
 709;     179
 710;     186
 711;     170
 712;     175
 713;     172
 714;     158
 715;     167
 716;     170
 717;     160
 718;     140
 719;     145
 720;     143
 721;     144
 722;     140
 723;     136
 724;     149
 725;     196
 726;     244
 727;     271
 728;     349
 729;     409
 730;     553
 731;     660
 732;     798
 733;     879
 734;     986
 735;    1076
 736;    1105
 737;    1034
 738;     995
 739;     846
 740;     768
 741;     628
 742;     512
 743;     413
 744;     316
 745;     300
 746;     258
 747;     218
 748;     239
 749;     257
 750;     243
 751;     294
 752;     317
 753;     358
 754;     399
 755;     384
 756;     391
 757;     378
 758;     352
 759;     308
 760;     292
 761;     280
 762;     226
 763;     193
 764;     186
 765;     141
 766;     102
 767;     137
 768;     121
 769;     107
 770;      98
 771;      92
 772;      86
 773;      85
 774;      87
 775;      76
 776;      81
 777;     111
 778;      84
 779;      85
 780;      88
 781;     109
 782;     122
 783;     119
 784;     118
 785;     120
 786;     134
 787;     105
 788;     128
 789;     123
 790;     118
 791;     107
 792;     108
 793;      72
 794;      84
 795;      65
 796;      79
 797;      95
 798;      81
 799;      67
 800;      78
 801;      83
 802;      58
 803;      68
 804;      61
 805;      67
 806;      78
 807;      81
 808;      91
 809;      74
 810;      90
 811;      66
 812;      79
 813;      67
 814;      78
 815;      89
 816;      92
 817;      76
 818;      76
 819;      72
 820;      64
 821;      90
 822;      83
 823;      96
 824;      84
 825;     103
 826;      98
 827;      91
 828;      84
 829;      75
 830;      88
 831;      86
 832;      79
 833;      90
 834;      71
 835;      85
 836;      84
 837;      76
 838;      65
 839;      73
 840;      79
 841;      69
 842;      64
 843;      73
 844;      64
 845;      68
 846;      55
 847;      76
 848;      65
 849;      61
 850;      71
 851;      63
 852;      55
 853;      74
 854;      66
 855;      56
 856;      65
 857;      71
 858;      66
 859;      77
 860;      83
 861;      68
 862;      55
 863;      73
 864;      74
 865;      78
 866;      72
 867;      63
 868;      81
 869;      61
 870;      65
 871;      58
 872;      54
 873;      73
 874;      71
 875;      84
 876;      70
 877;      90
 878;      64
 879;      64
 880;      83
 881;      66
 882;      61
 883;      79
 884;      81
 885;      87
 886;      68
 887;      67
 888;      89
 889;      79
 890;      73
 891;      79
 892;      74
 893;      61
 894;      63
 895;      84
 896;      72
 897;      75
 898;      71
 899;      73
 900;      78
 901;      70
 902;      77
 903;      78
 904;      75
 905;      80
 906;      78
 907;      81
 908;      75
 909;      84
 910;      84
 911;      99
 912;      86
 913;      93
 914;      85
 915;      69
 916;      93
 917;     110
 918;     111
 919;     120
 920;     127
 921;     116
 922;     112
 923;     125
 924;     153
 925;     124
 926;     126
 927;     133
 928;     168
 929;     177
 930;     169
 931;     174
 932;     166
 933;     167
 934;     183
 935;     179
 936;     178
 937;     206
 938;     194
 939;     206
 940;     217
 941;     203
 942;     206
 943;     212
 944;     218
 945;     184
 946;     207
 947;     204
 948;     202
 949;     201
 950;     218
 951;     206
 952;     190
 953;     183
 954;     187
 955;     190
 956;     190
 957;     168
 958;     160
 959;     146
 960;     150
 961;     131
 962;     124
 963;     141
 964;     132
 965;     108
 966;      97
 967;     101
 968;     112
 969;      88
 970;      92
 971;     108
 972;      72
 973;      91
 974;      87
 975;      79
 976;      60
 977;      69
 978;      72
 979;      69
 980;      84
 981;      68
 982;      70
 983;      75
 984;      55
 985;      79
 986;      63
 987;      55
 988;      62
 989;      59
 990;      60
 991;      55
 992;      84
 993;      91
 994;      85
 995;      86
 996;      86
 997;      93
 998;     116
 999;     132
1000;     150
1001;     142
1002;     140
1003;     161
1004;     190
1005;     161
1006;     156
1007;     170
1008;     150
1009;     169
1010;     112
1011;     113
1012;     116
1013;     128
1014;      82
1015;      73
1016;      70
1017;      75
1018;      65
1019;      59
1020;      59
1021;      53
1022;      48
1023;      38
1024;      54
1025;      42
1026;      44
1027;      50
1028;      50
1029;      51
1030;      45
1031;      53
1032;      48
1033;      52
1034;      61
1035;      63
1036;      51
1037;      67
1038;      69
1039;      59
1040;      62
1041;      59
1042;      61
1043;      80
1044;      89
1045;      96
1046;      85
1047;      80
1048;      93
1049;     119
1050;     104
1051;     113
1052;     123
1053;     107
1054;     117
1055;     114
1056;      93
1057;     108
1058;     100
1059;     100
1060;      76
1061;      86
1062;      69
1063;      71
1064;      65
1065;      53
1066;      67
1067;      62
1068;      60
1069;      65
1070;      54
1071;      55
1072;      51
1073;      52
1074;      48
1075;      45
1076;      57
1077;      39
1078;      47
1079;      49
1080;      56
1081;      57
1082;      50
1083;      36
1084;      34
1085;      40
1086;      50
1087;      46
1088;      53
1089;      48
1090;      41
1091;      29
1092;      41
1093;      31
1094;      30
1095;      38
1096;      46
1097;      43
1098;      27
1099;      37
1100;      35
1101;      47
1102;      35
1103;      37
1104;      38
1105;      27
1106;      33
1107;      29
1108;      37
1109;      27
1110;      35
1111;      39
1112;      27
1113;      41
1114;      33
1115;      24
1116;      31
1117;      31
1118;      33
1119;      28
1120;      42
1121;      29
1122;      38
1123;      24
1124;      46
1125;      33
1126;      44
1127;      31
1128;      53
1129;      43
1130;      48
1131;      49
1132;      43
1133;      56
1134;      42
1135;      35
1136;      46
1137;      44
1138;      45
1139;      33
1140;      29
1141;      43
1142;      36
1143;      38
1144;      39
1145;      32
1146;      28
1147;      29
1148;      43
1149;      44
1150;      45
1151;      32
1152;      28
1153;      30
1154;      35
1155;      48
1156;      38
1157;      32
1158;      48
1159;      42
1160;      30
1161;      34
1162;      36
1163;      32
1164;      30
1165;      34
1166;      27
1167;      28
1168;      24
1169;      26
1170;      37
1171;      25
1172;      23
1173;      19
1174;      28
1175;      33
1176;      28
1177;      26
1178;      26
1179;      32
1180;      32
1181;      26
1182;      28
1183;      34
1184;      23
1185;      26
1186;      25
1187;      37
1188;      29
1189;      42
1190;      28
1191;      38
1192;      32
1193;      35
1194;      28
1195;      31
1196;      31
1197;      34
1198;      26
1199;      23
1200;      25
1201;      24
1202;      27
1203;      31
1204;      22
1205;      26
1206;      30
1207;      16
1208;      33
1209;      29
1210;      21
1211;      26
1212;      20
1213;      25
1214;      26
1215;      25
1216;      27
1217;      28
1218;      16
1219;      24
1220;      28
1221;      24
1222;      20
1223;      17
1224;      20
1225;      25
1226;      21
1227;      25
1228;      25
1229;      16
1230;      16
1231;      17
1232;      18
1233;      23
1234;      21
1235;      27
1236;      30
1237;      22
1238;      30
1239;      21
1240;      14
1241;      24
1242;      11
1243;      20
1244;      18
1245;      30
1246;      20
1247;      23
1248;      26
1249;      18
1250;      22
1251;      17
1252;      27
1253;      18
1254;      24
1255;      15
1256;      21
1257;      24
1258;      30
1259;      24
1260;      28
1261;      26
1262;      29
1263;      14
1264;      22
1265;      15
1266;      19
1267;      27
1268;      28
1269;      23
1270;      26
1271;      14
1272;      14
1273;      19
1274;      25
1275;      12
1276;      22
1277;      25
1278;      21
1279;      13
1280;      16
1281;      23
1282;      17
1283;      14
1284;      23
1285;      17
1286;      23
1287;      16
1288;      16
1289;      17
1290;      24
1291;      16
1292;      24
1293;      19
1294;      21
1295;      14
1296;      22
1297;      14
1298;       9
1299;      15
1300;      18
1301;      15
1302;      17
1303;      17
1304;      18
1305;      22
1306;      15
1307;      16
1308;      14
1309;      17
1310;      11
1311;      11
1312;      21
1313;      13
1314;      17
1315;      20
1316;      17
1317;      15
1318;      22
1319;      18
1320;      20
1321;      18
1322;      13
1323;      23
1324;      24
1325;      20
1326;      11
1327;      17
1328;       9
1329;       6
1330;      17
1331;      11
1332;      14
1333;      17
1334;      14
1335;      15
1336;      20
1337;      21
1338;      14
1339;      19
1340;      18
1341;      18
1342;      21
1343;      16
1344;      15
1345;      11
1346;      14
1347;      14
1348;      15
1349;      14
1350;      17
1351;      15
1352;      22
1353;      14
1354;      19
1355;      16
1356;      10
1357;      20
1358;      12
1359;      18
1360;      17
1361;      12
1362;      20
1363;      14
1364;      21
1365;      11
1366;      15
1367;      11
1368;      12
1369;      14
1370;      14
1371;      14
1372;      14
1373;      25
1374;       5
1375;      21
1376;      13
1377;      22
1378;      10
1379;      12
1380;      16
1381;      17
1382;      16
1383;      18
1384;      16
1385;      19
1386;      16
1387;      18
1388;      11
1389;      11
1390;      14
1391;       9
1392;      13
1393;       8
1394;      15
1395;      12
1396;      14
1397;      19
1398;      19
1399;      14
1400;      10
1401;      19
1402;      11
1403;      11
1404;       9
1405;       6
1406;      12
1407;      11
1408;      11
1409;      10
1410;      14
1411;       7
1412;       6
1413;      15
1414;      17
1415;      11
1416;       7
1417;      15
1418;      10
1419;      21
1420;       9
1421;      13
1422;      13
1423;      14
1424;      16
1425;       9
1426;      11
1427;      18
1428;      11
1429;      20
1430;      12
1431;      16
1432;      14
1433;      18
1434;       9
1435;       9
1436;      17
1437;      12
1438;      12
1439;       7
1440;      13
1441;      18
1442;      16
1443;      15
1444;      11
1445;       6
1446;      13
1447;      11
1448;      18
1449;      11
1450;      10
1451;      18
1452;      13
1453;       7
1454;       9
1455;       8
1456;       8
1457;      14
1458;      12
1459;       7
1460;      10
1461;      11
1462;       7
1463;      12
1464;      11
1465;       8
1466;      11
1467;      10
1468;       9
1469;      12
1470;       8
1471;       8
1472;       7
1473;       8
1474;      14
1475;      12
1476;      11
1477;      14
1478;      13
1479;      11
1480;      11
1481;       5
1482;       9
1483;       9
1484;      13
1485;       6
1486;      12
1487;       9
1488;      11
1489;      10
1490;       8
1491;       6
1492;      10
1493;       8
1494;      11
1495;       5
1496;      10
1497;       5
1498;       7
1499;      11
1500;       7
1501;      11
1502;       7
1503;       9
1504;      12
1505;      13
1506;       8
1507;      10
1508;      10
1509;       9
1510;      11
1511;       8
1512;       8
1513;       5
1514;      10
1515;       4
1516;       9
1517;      11
1518;       5
1519;       6
1520;      10
1521;      10
1522;      10
1523;      14
1524;       3
1525;      13
1526;      13
1527;       5
1528;       8
1529;       7
1530;      12
1531;       9
1532;      10
1533;       3
1534;      14
1535;      11
1536;       9
1537;       6
1538;       9
1539;      10
1540;       6
1541;       6
1542;       9
1543;       7
1544;       4
1545;       6
1546;       5
1547;       9
1548;       8
1549;       7
1550;       9
1551;       8
1552;       5
1553;      10
1554;       8
1555;       5
1556;      11
1557;       8
1558;       6
1559;       6
1560;       7
1561;       8
1562;       8
1563;       9
1564;       4
1565;       7
1566;       5
1567;       8
1568;      10
1569;       6
1570;      10
1571;       7
1572;       4
1573;       4
1574;       5
1575;       5
1576;       9
1577;       8
1578;       7
1579;      10
1580;      10
1581;       6
1582;       3
1583;       7
1584;      10
1585;       6
1586;       7
1587;       9
1588;       4
1589;       4
1590;      12
1591;       4
1592;       6
1593;       5
1594;       9
1595;       6
1596;      10
1597;       6
1598;       1
1599;       6
1600;       4
1601;       9
1602;       4
1603;      10
1604;       4
1605;       6
1606;       4
1607;       6
1608;       3
1609;       5
1610;       8
1611;       3
1612;       2
1613;       3
1614;       8
1615;       5
1616;       6
1617;       3
1618;       4
1619;       4
1620;       3
1621;       8
1622;       8
1623;       4
1624;       2
1625;       4
1626;       4
1627;       3
1628;       5
1629;       2
1630;       7
1631;       3
1632;       6
1633;       3
1634;       6
1635;       3
1636;      11
1637;       7
1638;       3
1639;       2
1640;       1
1641;       3
1642;       7
1643;       2
1644;       4
1645;       3
1646;       1
1647;       4
1648;       7
1649;       5
1650;       6
1651;       1
1652;       3
1653;       5
1654;       3
1655;       0
1656;       6
1657;       9
1658;       4
1659;       2
1660;       3
1661;       2
1662;       8
1663;       4
1664;       5
1665;       5
1666;       2
1667;       2
1668;       4
1669;       4
1670;       5
1671;       2
1672;       2
1673;       2
1674;       4
1675;       2
1676;       1
1677;       0
1678;       2
1679;       6
1680;       7
1681;       0
1682;       2
1683;       5
1684;       2
1685;       1
1686;       3
1687;       2
1688;       2
1689;       6
1690;       4
1691;       4
1692;       2
1693;       2
1694;       5
1695;       1
1696;       9
1697;       0
1698;       1
1699;       2
1700;       5
1701;       4
1702;       3
1703;       3
1704;       4
1705;       1
1706;       0
1707;       4
1708;       4
1709;       1
1710;       2
1711;       2
1712;       3
1713;       1
1714;       1
1715;       1
1716;       1
1717;       2
1718;       1
1719;       0
1720;       2
1721;       1
1722;       2
1723;       0
1724;       1
1725;       1
1726;       0
1727;       0
1728;       1
1729;       0
1730;       0
1731;       0
1732;       1
1733;       1
1734;       1
1735;       3
1736;       2
1737;       4
1738;       1
1739;       0
1740;       1
1741;       0
1742;       0
1743;       2
1744;       1
1745;       1
1746;       0
1747;       0
1748;       0
1749;       0
1750;       0
1751;       0
1752;       2
1753;       0
1754;       0
1755;       2
1756;       2
1757;       1
1758;       0
1759;       0
1760;       1
1761;       2
1762;       1
1763;       1
1764;       0
1765;       0
1766;       0
1767;       1
1768;       2
1769;       1
1770;       0
1771;       1
1772;       1
1773;       1
1774;       0
1775;       0
1776;       0
1777;       0
1778;       0
1779;       0
1780;       0
1781;       1
1782;       0
1783;       0
1784;       0
1785;       0
1786;       0
1787;       0
1788;       0
1789;       0
1790;       0
1791;       1
1792;       0
1793;       2
1794;       0
1795;       1
1796;       0
1797;       0
1798;       2
1799;       0
1800;       0
1801;       1
1802;       1
1803;       0
1804;       1
1805;       0
1806;       0
1807;       0
1808;       1
1809;       2
1810;       0
1811;       0
1812;       0
1813;       0
1814;       0
1815;       0
1816;       0
1817;       0
1818;       0
1819;       1
1820;       1
1821;       0
1822;       0
1823;       2
1824;       0
1825;       2
1826;       0
1827;       0
1828;       1
1829;       1
1830;       1
1831;       0
1832;       0
1833;       0
1834;       1
1835;       0
1836;       0
1837;       2
1838;       0
1839;       0
1840;       0
1841;       0
1842;       0
1843;       1
1844;       0
1845;       0
1846;       1
1847;       0
1848;       0
1849;       0
1850;       0
1851;       1
1852;       1
1853;       0
1854;       0
1855;       0
1856;       0
1857;       1
1858;       0
1859;       0
1860;       0
1861;       1
1862;       1
1863;       0
1864;       1
1865;       0
1866;       0
1867;       0
1868;       1
1869;       0
1870;       0
1871;       0
1872;       0
1873;       0
1874;       1
1875;       0
1876;       1
1877;       1
1878;       1
1879;       0
1880;       0
1881;       1
1882;       0
1883;       0
1884;       0
1885;       0
1886;       0
1887;       0
1888;       0
1889;       0
1890;       0
1891;       0
1892;       0
1893;       0
1894;       0
1895;       0
1896;       0
1897;       0
1898;       0
1899;       0
1900;       0
1901;       0
1902;       0
1903;       0
1904;       0
1905;       0
1906;       0
1907;       0
1908;       0
1909;       0
1910;       0
1911;       0
1912;       0
1913;       1
1914;       0
1915;       0
1916;       0
1917;       0
1918;       1
1919;       0
1920;       0
1921;       0
1922;       0
1923;       0
1924;       0
1925;       2
1926;       0
1927;       0
1928;       1
1929;       0
1930;       0
1931;       0
1932;       0
1933;       0
1934;       1
1935;       0
1936;       0
1937;       0
1938;       0
1939;       0
1940;       0
1941;       0
1942;       0
1943;       0
1944;       0
1945;       0
1946;       0
1947;       0
1948;       0
1949;       0
1950;       0
1951;       0
1952;       0
1953;       1
1954;       0
1955;       0
1956;       0
1957;       0
1958;       0
1959;       0
1960;       0
1961;       0
1962;       0
1963;       0
1964;       0
1965;       0
1966;       0
1967;       0
1968;       0
1969;       0
1970;       0
1971;       0
1972;       0
1973;       0
1974;       0
1975;       0
1976;       0
1977;       0
1978;       0
1979;       0
1980;       1
1981;       0
1982;       0
1983;       0
1984;       0
1985;       0
1986;       0
1987;       0
1988;       0
1989;       0
1990;       0
1991;       0
1992;       0
1993;       1
1994;       0
1995;       0
1996;       0
1997;       0
1998;       0
1999;       0
2000;       0
2001;       0
2002;       0
2003;       0
2004;       0
2005;       0
2006;       0
2007;       0
2008;       0
2009;       0
2010;       0
2011;       0
2012;       0
2013;       0
2014;       0
2015;       0
2016;       0
2017;       0
2018;       0
2019;       0
2020;       0
2021;       0
2022;       0
2023;       0
2024;       0
2025;       0
2026;       0
2027;       0
2028;       0
2029;       0
2030;       0
2031;       0
2032;       0
2033;       0
2034;       0
2035;       0
2036;       0
2037;       0
2038;       0
2039;       1
2040;       0
2041;       0
2042;       0
2043;       0
2044;       0
2045;       0
2046;       0
2047;       0
