   0;     869
   1;     715
   2;     536
   3;     280
   4;     123
   5;      44
   6;      15
   7;       5
   8;       0
   9;       0
  10;       0
  11;       0
  12;       0
  13;       0
  14;       0
  15;       0
  16;       0
  17;       0
  18;       1
  19;       0
  20;       0
  21;       0
  22;       0
  23;       0
  24;       0
  25;       0
  26;       0
  27;       0
  28;       0
  29;       1
  30;      16
  31;      48
  32;      67
  33;      98
  34;      80
  35;      86
  36;     102
  37;      81
  38;      99
  39;      66
  40;     108
  41;      87
  42;      87
  43;      86
  44;      81
  45;      76
  46;      73
  47;     104
  48;     113
  49;     103
  50;      89
  51;      93
  52;      84
  53;      86
  54;      94
  55;      87
  56;     103
  57;     104
  58;      93
  59;      77
  60;     104
  61;      81
  62;      73
  63;     105
  64;     105
  65;      66
  66;      82
  67;      91
  68;      83
  69;      54
  70;      86
  71;      83
  72;     106
  73;      80
  74;     100
  75;      82
  76;      87
  77;      83
  78;      80
  79;      74
  80;      84
  81;      71
  82;      92
  83;      98
  84;      98
  85;      84
  86;     107
  87;     101
  88;      97
  89;     104
  90;      80
  91;      79
  92;      83
  93;     107
  94;      98
  95;      84
  96;     110
  97;      76
  98;      93
  99;      91
 100;      90
 101;     103
 102;     104
 103;      90
 104;      89
 105;      71
 106;     102
 107;      98
 108;     101
 109;     102
 110;     154
 111;     148
 112;     180
 113;     218
 114;     266
 115;     267
 116;     248
 117;     234
 118;     208
 119;     213
 120;     166
 121;     159
 122;     163
 123;     147
 124;     167
 125;     167
 126;     192
 127;     226
 128;     315
 129;     435
 130;     616
 131;     771
 132;    1047
 133;    1255
 134;    1369
 135;    1371
 136;    1280
 137;    1105
 138;     994
 139;     973
 140;     955
 141;     999
 142;    1062
 143;    1100
 144;    1225
 145;    1422
 146;    1492
 147;    1525
 148;    1435
 149;    1365
 150;    1036
 151;     800
 152;     552
 153;     410
 154;     347
 155;     345
 156;     285
 157;     321
 158;     307
 159;     298
 160;     291
 161;     283
 162;     243
 163;     243
 164;     217
 165;     232
 166;     193
 167;     198
 168;     171
 169;     165
 170;     158
 171;     180
 172;     171
 173;     134
 174;     154
 175;     150
 176;     154
 177;     206
 178;     223
 179;     219
 180;     273
 181;     303
 182;     357
 183;     375
 184;     361
 185;     403
 186;     348
 187;     328
 188;     264
 189;     251
 190;     224
 191;     222
 192;     250
 193;     244
 194;     267
 195;     259
 196;     336
 197;     315
 198;     331
 199;     357
 200;     335
 201;     298
 202;     286
 203;     274
 204;     256
 205;     230
 206;     240
 207;     252
 208;     226
 209;     265
 210;     261
 211;     272
 212;     306
 213;     326
 214;     378
 215;     481
 216;     766
 217;    1071
 218;    1604
 219;    2341
 220;    3156
 221;    3979
 222;    4456
 223;    4745
 224;    4488
 225;    3975
 226;    3261
 227;    2271
 228;    1691
 229;    1089
 230;     816
 231;     553
 232;     416
 233;     426
 234;     530
 235;     713
 236;    1080
 237;    1485
 238;    2049
 239;    2502
 240;    2848
 241;    3093
 242;    2954
 243;    2790
 244;    2392
 245;    2069
 246;    1620
 247;    1323
 248;    1005
 249;     819
 250;     678
 251;     635
 252;     602
 253;     665
 254;     738
 255;     926
 256;     956
 257;    1022
 258;     994
 259;     950
 260;     770
 261;     607
 262;     488
 263;     426
 264;     328
 265;     277
 266;     298
 267;     327
 268;     307
 269;     323
 270;     305
 271;     369
 272;     455
 273;     468
 274;     545
 275;     575
 276;     598
 277;     584
 278;     517
 279;     444
 280;     403
 281;     309
 282;     336
 283;     311
 284;     312
 285;     319
 286;     347
 287;     354
 288;     394
 289;     427
 290;     386
 291;     416
 292;     377
 293;     342
 294;     334
 295;     367
 296;     296
 297;     305
 298;     301
 299;     251
 300;     278
 301;     286
 302;     270
 303;     271
 304;     277
 305;     309
 306;     285
 307;     308
 308;     329
 309;     325
 310;     336
 311;     381
 312;     461
 313;     502
 314;     539
 315;     618
 316;     666
 317;     725
 318;     760
 319;     701
 320;     689
 321;     630
 322;     582
 323;     491
 324;     367
 325;     327
 326;     291
 327;     299
 328;     250
 329;     274
 330;     286
 331;     258
 332;     261
 333;     269
 334;     275
 335;     284
 336;     291
 337;     293
 338;     262
 339;     352
 340;     352
 341;     377
 342;     382
 343;     417
 344;     404
 345;     379
 346;     414
 347;     390
 348;     368
 349;     399
 350;     372
 351;     378
 352;     393
 353;     351
 354;     378
 355;     389
 356;     379
 357;     362
 358;     429
 359;     447
 360;     473
 361;     520
 362;     601
 363;     619
 364;     637
 365;     679
 366;     709
 367;     726
 368;     802
 369;     855
 370;     936
 371;     943
 372;     933
 373;     901
 374;     835
 375;     734
 376;     629
 377;     515
 378;     425
 379;     329
 380;     324
 381;     279
 382;     256
 383;     237
 384;     239
 385;     245
 386;     243
 387;     269
 388;     237
 389;     260
 390;     261
 391;     258
 392;     274
 393;     255
 394;     258
 395;     263
 396;     267
 397;     311
 398;     297
 399;     327
 400;     345
 401;     327
 402;     312
 403;     331
 404;     342
 405;     336
 406;     333
 407;     346
 408;     379
 409;     355
 410;     384
 411;     359
 412;     406
 413;     395
 414;     365
 415;     389
 416;     451
 417;     428
 418;     498
 419;     618
 420;     935
 421;    1469
 422;    2339
 423;    3759
 424;    5770
 425;    8230
 426;   11510
 427;   14731
 428;   17595
 429;   19831
 430;   20776
 431;   20582
 432;   18496
 433;   15869
 434;   12696
 435;    9133
 436;    6526
 437;    4232
 438;    2757
 439;    1549
 440;     959
 441;     526
 442;     388
 443;     312
 444;     272
 445;     230
 446;     218
 447;     223
 448;     217
 449;     200
 450;     201
 451;     222
 452;     212
 453;     204
 454;     199
 455;     224
 456;     242
 457;     235
 458;     242
 459;     252
 460;     240
 461;     230
 462;     214
 463;     244
 464;     251
 465;     290
 466;     347
 467;     407
 468;     508
 469;     650
 470;     857
 471;    1174
 472;    1575
 473;    2068
 474;    2661
 475;    3101
 476;    3421
 477;    3369
 478;    3320
 479;    2948
 480;    2561
 481;    2012
 482;    1597
 483;    1163
 484;     851
 485;     540
 486;     378
 487;     273
 488;     190
 489;     171
 490;     172
 491;     143
 492;     139
 493;     127
 494;     144
 495;     142
 496;     150
 497;     159
 498;     139
 499;     148
 500;     152
 501;     149
 502;     132
 503;     132
 504;     139
 505;     149
 506;     144
 507;     154
 508;     141
 509;     133
 510;     139
 511;     156
 512;     143
 513;     134
 514;     135
 515;     147
 516;     153
 517;     186
 518;     178
 519;     187
 520;     212
 521;     224
 522;     252
 523;     288
 524;     340
 525;     300
 526;     319
 527;     301
 528;     278
 529;     252
 530;     228
 531;     249
 532;     182
 533;     176
 534;     171
 535;     150
 536;     143
 537;     134
 538;     138
 539;     126
 540;     134
 541;     131
 542;     128
 543;     138
 544;     131
 545;     126
 546;     135
 547;     127
 548;     125
 549;     131
 550;     112
 551;     138
 552;     126
 553;     137
 554;     137
 555;     144
 556;     143
 557;     120
 558;     132
 559;     131
 560;     119
 561;     126
 562;     103
 563;     110
 564;     117
 565;     131
 566;     120
 567;     128
 568;     102
 569;     114
 570;     129
 571;     125
 572;     111
 573;     107
 574;     105
 575;     113
 576;     101
 577;     127
 578;     120
 579;     105
 580;     123
 581;     126
 582;     115
 583;     110
 584;     122
 585;     124
 586;     123
 587;      96
 588;     122
 589;     122
 590;     119
 591;     106
 592;     119
 593;     106
 594;     113
 595;     114
 596;      97
 597;      94
 598;     129
 599;      97
 600;     129
 601;      97
 602;     126
 603;     111
 604;     124
 605;     112
 606;     130
 607;     117
 608;     121
 609;     121
 610;     132
 611;     116
 612;     107
 613;     131
 614;     122
 615;     118
 616;      95
 617;     100
 618;     112
 619;     117
 620;     153
 621;     136
 622;     160
 623;     199
 624;     217
 625;     274
 626;     270
 627;     304
 628;     284
 629;     268
 630;     338
 631;     302
 632;     276
 633;     223
 634;     205
 635;     165
 636;     153
 637;     154
 638;     115
 639;     111
 640;      93
 641;      93
 642;      95
 643;      99
 644;     116
 645;      97
 646;      96
 647;     109
 648;     128
 649;      87
 650;     123
 651;     112
 652;     107
 653;      92
 654;      98
 655;     100
 656;     112
 657;     112
 658;      88
 659;      88
 660;     106
 661;      87
 662;      87
 663;      92
 664;     104
 665;      98
 666;      91
 667;      93
 668;      82
 669;      96
 670;      97
 671;      99
 672;      96
 673;      99
 674;      90
 675;      76
 676;      92
 677;      89
 678;     101
 679;      78
 680;      78
 681;      84
 682;      96
 683;      86
 684;      85
 685;      80
 686;      81
 687;      82
 688;      90
 689;      74
 690;      84
 691;      80
 692;      90
 693;      95
 694;     105
 695;     112
 696;     103
 697;     111
 698;     111
 699;     126
 700;     153
 701;     161
 702;     167
 703;     205
 704;     182
 705;     196
 706;     202
 707;     201
 708;     159
 709;     139
 710;     140
 711;     135
 712;     112
 713;      84
 714;     101
 715;      79
 716;      76
 717;      94
 718;      77
 719;      84
 720;      68
 721;      74
 722;      92
 723;      91
 724;      79
 725;      93
 726;      80
 727;      75
 728;      73
 729;      81
 730;      92
 731;      65
 732;      95
 733;     111
 734;     132
 735;     103
 736;      99
 737;      96
 738;      94
 739;      89
 740;      85
 741;      91
 742;      87
 743;      66
 744;      83
 745;      75
 746;      54
 747;      52
 748;      65
 749;      71
 750;      73
 751;      79
 752;      75
 753;      96
 754;      53
 755;      86
 756;      79
 757;      81
 758;      91
 759;      70
 760;      72
 761;      74
 762;      82
 763;      60
 764;      68
 765;      67
 766;      70
 767;      64
 768;      68
 769;      61
 770;      66
 771;      74
 772;      86
 773;      65
 774;      74
 775;      78
 776;      59
 777;      54
 778;      70
 779;      73
 780;      63
 781;      77
 782;      72
 783;      88
 784;      73
 785;      87
 786;      86
 787;      83
 788;      87
 789;      77
 790;      77
 791;      69
 792;      73
 793;      68
 794;      68
 795;      74
 796;      61
 797;      58
 798;      67
 799;      74
 800;      64
 801;      45
 802;      53
 803;      60
 804;      70
 805;      51
 806;      59
 807;      51
 808;      58
 809;      36
 810;      61
 811;      56
 812;      45
 813;      45
 814;      64
 815;      53
 816;      58
 817;      51
 818;      52
 819;      62
 820;      53
 821;      63
 822;      75
 823;      63
 824;      58
 825;      49
 826;      58
 827;      62
 828;      52
 829;      61
 830;      53
 831;      49
 832;      65
 833;      53
 834;      44
 835;      61
 836;      57
 837;      50
 838;      48
 839;      57
 840;      44
 841;      57
 842;      55
 843;      57
 844;      56
 845;      48
 846;      64
 847;      61
 848;      53
 849;      55
 850;      48
 851;      56
 852;      66
 853;      72
 854;      55
 855;      61
 856;      46
 857;      56
 858;      67
 859;      64
 860;      67
 861;      60
 862;      53
 863;      60
 864;      70
 865;      67
 866;      52
 867;      49
 868;      54
 869;      53
 870;      52
 871;      65
 872;      51
 873;      68
 874;      57
 875;      61
 876;      51
 877;      45
 878;      68
 879;      59
 880;      55
 881;      47
 882;      54
 883;      48
 884;      62
 885;      57
 886;      52
 887;      62
 888;      60
 889;      70
 890;      39
 891;      49
 892;      56
 893;      54
 894;      45
 895;      46
 896;      52
 897;      51
 898;      60
 899;      59
 900;      67
 901;      54
 902;      63
 903;      79
 904;      60
 905;      48
 906;      56
 907;      52
 908;      83
 909;      53
 910;      66
 911;      70
 912;      53
 913;      79
 914;      78
 915;      71
 916;      56
 917;      64
 918;      84
 919;      76
 920;      68
 921;      95
 922;      85
 923;      89
 924;      85
 925;      80
 926;      75
 927;      90
 928;      91
 929;      84
 930;     110
 931;     118
 932;     101
 933;     120
 934;     113
 935;     125
 936;     121
 937;     132
 938;     129
 939;     122
 940;     149
 941;     157
 942;     150
 943;     144
 944;     147
 945;     138
 946;     152
 947;     171
 948;     155
 949;     182
 950;     130
 951;     162
 952;     142
 953;     136
 954;     146
 955;     155
 956;     136
 957;     141
 958;     125
 959;     132
 960;     133
 961;     108
 962;     117
 963;     100
 964;     114
 965;     106
 966;      90
 967;     107
 968;      87
 969;      75
 970;      82
 971;      70
 972;      69
 973;      67
 974;      66
 975;      80
 976;      57
 977;      65
 978;      52
 979;      54
 980;      52
 981;      52
 982;      53
 983;      57
 984;      53
 985;      55
 986;      58
 987;      54
 988;      59
 989;      43
 990;      54
 991;      45
 992;      51
 993;      54
 994;      67
 995;      59
 996;      85
 997;      94
 998;     122
 999;     114
1000;     116
1001;     133
1002;     144
1003;     158
1004;     175
1005;     162
1006;     174
1007;     187
1008;     141
1009;     125
1010;     132
1011;     111
1012;     111
1013;      90
1014;      99
1015;      78
1016;      67
1017;      59
1018;      46
1019;      42
1020;      39
1021;      41
1022;      33
1023;      34
1024;      39
1025;      33
1026;      39
1027;      46
1028;      38
1029;      37
1030;      33
1031;      52
1032;      43
1033;      44
1034;      42
1035;      51
1036;      31
1037;      42
1038;      41
1039;      60
1040;      50
1041;      53
1042;      76
1043;      53
1044;      75
1045;      80
1046;      86
1047;     101
1048;      87
1049;      97
1050;     116
1051;     114
1052;      97
1053;     101
1054;     117
1055;     111
1056;      96
1057;      83
1058;      90
1059;      91
1060;      56
1061;      73
1062;      66
1063;      57
1064;      62
1065;      47
1066;      47
1067;      53
1068;      50
1069;      33
1070;      40
1071;      49
1072;      55
1073;      41
1074;      48
1075;      51
1076;      37
1077;      39
1078;      37
1079;      42
1080;      39
1081;      36
1082;      36
1083;      28
1084;      36
1085;      34
1086;      38
1087;      23
1088;      26
1089;      31
1090;      21
1091;      26
1092;      33
1093;      27
1094;      38
1095;      35
1096;      30
1097;      36
1098;      27
1099;      19
1100;      30
1101;      33
1102;      32
1103;      25
1104;      39
1105;      25
1106;      23
1107;      39
1108;      24
1109;      28
1110;      17
1111;      29
1112;      25
1113;      30
1114;      31
1115;      22
1116;      24
1117;      28
1118;      28
1119;      26
1120;      20
1121;      35
1122;      23
1123;      28
1124;      34
1125;      40
1126;      28
1127;      37
1128;      41
1129;      43
1130;      40
1131;      39
1132;      42
1133;      54
1134;      47
1135;      42
1136;      34
1137;      33
1138;      29
1139;      28
1140;      33
1141;      24
1142;      32
1143;      31
1144;      28
1145;      18
1146;      24
1147;      20
1148;      26
1149;      28
1150;      25
1151;      26
1152;      29
1153;      25
1154;      36
1155;      27
1156;      20
1157;      31
1158;      25
1159;      23
1160;      25
1161;      25
1162;      24
1163;      22
1164;      21
1165;      35
1166;      31
1167;      24
1168;      21
1169;      18
1170;      32
1171;      28
1172;      25
1173;      21
1174;      21
1175;      18
1176;      22
1177;      14
1178;      21
1179;      28
1180;      26
1181;      24
1182;      30
1183;      29
1184;      29
1185;      31
1186;      45
1187;      39
1188;      33
1189;      33
1190;      30
1191;      25
1192;      26
1193;      23
1194;      19
1195;      32
1196;      24
1197;      24
1198;      31
1199;      25
1200;      20
1201;      11
1202;      20
1203;      20
1204;      22
1205;      30
1206;      26
1207;      13
1208;      21
1209;      21
1210;      22
1211;      23
1212;      15
1213;      21
1214;      18
1215;      24
1216;      25
1217;      21
1218;      28
1219;      19
1220;      20
1221;      22
1222;       9
1223;      14
1224;      23
1225;      16
1226;      24
1227;      18
1228;      16
1229;      19
1230;      22
1231;      19
1232;      17
1233;      15
1234;      19
1235;      13
1236;      18
1237;      19
1238;      11
1239;      15
1240;      12
1241;      20
1242;      19
1243;      22
1244;      21
1245;      20
1246;      19
1247;      13
1248;      15
1249;      21
1250;      20
1251;      24
1252;      22
1253;      12
1254;      22
1255;      21
1256;      20
1257;      23
1258;      23
1259;      19
1260;      22
1261;      24
1262;      24
1263;      14
1264;      24
1265;      18
1266;      16
1267;      24
1268;      22
1269;      15
1270;      17
1271;      18
1272;      17
1273;      14
1274;      21
1275;      19
1276;      17
1277;      19
1278;      16
1279;      18
1280;      11
1281;      17
1282;      15
1283;      16
1284;      18
1285;      16
1286;      17
1287;      13
1288;      19
1289;      19
1290;      16
1291;      15
1292;      13
1293;      22
1294;      25
1295;      17
1296;      25
1297;      22
1298;      12
1299;      10
1300;      14
1301;      13
1302;      17
1303;      11
1304;      20
1305;      20
1306;      17
1307;      26
1308;      24
1309;      18
1310;      16
1311;      29
1312;      20
1313;      17
1314;      17
1315;      18
1316;      15
1317;      17
1318;      13
1319;      14
1320;      19
1321;      12
1322;      12
1323;      16
1324;      12
1325;      23
1326;      16
1327;      25
1328;      23
1329;      17
1330;      18
1331;      10
1332;      17
1333;      10
1334;      12
1335;      18
1336;       6
1337;      20
1338;      19
1339;      19
1340;      12
1341;      15
1342;      16
1343;      13
1344;      22
1345;      10
1346;       6
1347;      15
1348;      11
1349;      16
1350;      16
1351;      11
1352;      11
1353;      12
1354;       7
1355;      11
1356;      17
1357;      24
1358;      16
1359;      10
1360;      10
1361;      11
1362;      16
1363;      19
1364;      17
1365;      11
1366;       6
1367;      10
1368;      11
1369;      13
1370;      14
1371;      20
1372;      10
1373;      15
1374;      11
1375;      13
1376;      15
1377;      14
1378;      16
1379;      17
1380;      13
1381;      16
1382;      17
1383;      15
1384;       8
1385;      14
1386;      10
1387;      11
1388;      13
1389;      10
1390;      13
1391;      16
1392;      10
1393;      12
1394;      10
1395;      11
1396;      13
1397;      11
1398;      20
1399;      16
1400;      17
1401;      16
1402;      13
1403;      17
1404;      15
1405;      15
1406;       9
1407;      10
1408;      15
1409;      15
1410;      11
1411;      10
1412;      15
1413;      21
1414;      11
1415;       9
1416;       9
1417;       8
1418;      14
1419;       7
1420;      13
1421;      15
1422;      16
1423;      12
1424;      19
1425;      16
1426;      10
1427;      15
1428;      14
1429;       8
1430;       7
1431;      23
1432;      17
1433;      14
1434;       9
1435;      14
1436;      13
1437;      13
1438;      10
1439;       5
1440;      19
1441;      10
1442;      17
1443;       8
1444;       9
1445;      17
1446;      12
1447;      11
1448;      10
1449;      14
1450;      13
1451;      11
1452;      13
1453;       8
1454;      13
1455;       8
1456;       7
1457;      15
1458;      14
1459;      10
1460;      10
1461;      14
1462;      14
1463;      10
1464;      12
1465;       9
1466;      18
1467;      13
1468;      12
1469;       7
1470;      18
1471;      10
1472;       9
1473;      14
1474;      11
1475;       5
1476;      13
1477;      15
1478;      12
1479;      11
1480;      12
1481;       7
1482;      12
1483;      13
1484;      10
1485;       8
1486;      13
1487;      14
1488;       5
1489;      17
1490;       7
1491;      10
1492;      10
1493;      17
1494;      12
1495;      13
1496;       7
1497;      11
1498;      13
1499;      11
1500;       7
1501;      13
1502;       9
1503;       7
1504;      10
1505;      11
1506;       9
1507;      10
1508;       7
1509;       8
1510;       7
1511;       5
1512;       8
1513;       7
1514;      14
1515;      11
1516;       9
1517;      13
1518;      10
1519;      13
1520;      10
1521;      11
1522;      15
1523;       6
1524;      13
1525;      12
1526;      10
1527;      20
1528;      15
1529;      10
1530;       8
1531;       9
1532;      11
1533;       8
1534;       4
1535;      15
1536;       8
1537;      11
1538;       7
1539;       7
1540;       8
1541;      10
1542;      11
1543;      11
1544;       7
1545;       6
1546;       9
1547;       6
1548;       9
1549;      14
1550;       4
1551;      10
1552;       9
1553;       9
1554;      12
1555;      17
1556;      10
1557;      13
1558;       6
1559;      14
1560;       6
1561;       8
1562;      13
1563;       7
1564;       9
1565;       7
1566;       6
1567;      13
1568;      14
1569;      14
1570;       7
1571;       8
1572;       8
1573;      19
1574;       7
1575;      17
1576;      19
1577;      31
1578;      34
1579;      30
1580;      33
1581;      43
1582;      42
1583;      32
1584;      53
1585;      35
1586;      55
1587;      54
1588;      51
1589;      38
1590;      40
1591;      41
1592;      42
1593;      34
1594;      47
1595;      32
1596;      44
1597;      45
1598;      42
1599;      68
1600;      66
1601;      70
1602;      52
1603;      53
1604;      66
1605;      95
1606;      61
1607;      64
1608;      56
1609;      56
1610;      52
1611;      35
1612;      41
1613;      27
1614;      17
1615;      23
1616;      14
1617;      16
1618;      14
1619;       8
1620;       9
1621;       4
1622;       4
1623;      10
1624;       8
1625;       3
1626;       6
1627;       9
1628;       8
1629;       1
1630;       7
1631;       6
1632;       5
1633;       4
1634;       5
1635;      10
1636;       5
1637;       6
1638;       8
1639;       6
1640;       1
1641;       4
1642;       5
1643;       4
1644;       4
1645;       3
1646;       4
1647;       5
1648;       4
1649;       6
1650;       2
1651;       3
1652;       4
1653;       2
1654;       5
1655;       2
1656;       2
1657;       2
1658;       7
1659;       2
1660;       7
1661;       6
1662;       4
1663;       2
1664;       1
1665;       5
1666;       1
1667;       8
1668;       2
1669;       6
1670;       2
1671;       4
1672;       1
1673;       2
1674;       6
1675;       3
1676;       4
1677;       3
1678;       3
1679;       4
1680;       6
1681;       6
1682;       4
1683;       4
1684;       4
1685;       6
1686;       4
1687;       1
1688;       1
1689;       4
1690;       2
1691;       2
1692;       6
1693;       0
1694;       4
1695;       6
1696;       3
1697;       6
1698;       2
1699;       3
1700;       3
1701;       2
1702;       2
1703;       1
1704;       3
1705;       1
1706;       2
1707;       0
1708;       3
1709;       2
1710;       2
1711;       2
1712;       1
1713;       1
1714;       0
1715;       3
1716;       1
1717;       2
1718;       2
1719;       1
1720;       3
1721;       1
1722;       3
1723;       2
1724;       4
1725;       4
1726;       2
1727;       1
1728;       4
1729;       3
1730;       1
1731;       1
1732;       4
1733;       1
1734;       1
1735;       2
1736;       0
1737;       2
1738;       1
1739;       2
1740;       2
1741;       1
1742;       4
1743;       3
1744;       1
1745;       1
1746;       2
1747;       0
1748;       1
1749;       1
1750;       3
1751;       2
1752;       0
1753;       2
1754;       2
1755;       2
1756;       1
1757;       3
1758;       1
1759;       0
1760;       0
1761;       0
1762;       0
1763;       2
1764;       3
1765;       0
1766;       2
1767;       3
1768;       0
1769;       2
1770;       2
1771;       0
1772;       1
1773;       3
1774;       2
1775;       0
1776;       0
1777;       0
1778;       0
1779;       0
1780;       2
1781;       1
1782;       0
1783;       1
1784;       3
1785;       0
1786;       2
1787;       0
1788;       1
1789;       1
1790;       1
1791;       1
1792;       1
1793;       3
1794;       1
1795;       2
1796;       2
1797;       4
1798;       2
1799;       1
1800;       4
1801;       6
1802;       8
1803;       2
1804;      12
1805;      11
1806;       7
1807;      11
1808;       8
1809;      21
1810;      19
1811;       5
1812;       7
1813;      14
1814;      12
1815;      16
1816;      16
1817;      12
1818;       9
1819;       7
1820;      11
1821;       2
1822;       1
1823;       4
1824;       3
1825;       5
1826;       1
1827;       2
1828;       1
1829;       1
1830;       1
1831;       1
1832;       1
1833;       1
1834;       0
1835;       1
1836;       2
1837;       0
1838;       1
1839;       2
1840;       1
1841;       1
1842;       1
1843;       0
1844;       1
1845;       1
1846;       5
1847;       0
1848;       2
1849;       4
1850;       4
1851;       2
1852;       2
1853;       3
1854;       8
1855;       2
1856;       1
1857;       4
1858;       4
1859;       0
1860;       3
1861;       4
1862;       6
1863;       4
1864;       4
1865;       0
1866;       0
1867;       1
1868;       3
1869;       0
1870;       1
1871;       1
1872;       1
1873;       0
1874;       0
1875;       1
1876;       0
1877;       0
1878;       0
1879;       0
1880;       0
1881;       0
1882;       1
1883;       0
1884;       0
1885;       0
1886;       0
1887;       0
1888;       0
1889;       0
1890;       0
1891;       0
1892;       0
1893;       0
1894;       0
1895;       0
1896;       0
1897;       0
1898;       0
1899;       0
1900;       0
1901;       0
1902;       0
1903;       0
1904;       0
1905;       0
1906;       0
1907;       1
1908;       0
1909;       0
1910;       0
1911;       0
1912;       0
1913;       0
1914;       0
1915;       1
1916;       1
1917;       0
1918;       0
1919;       0
1920;       0
1921;       1
1922;       0
1923;       0
1924;       0
1925;       0
1926;       0
1927;       0
1928;       0
1929;       0
1930;       0
1931;       0
1932;       0
1933;       0
1934;       0
1935;       0
1936;       0
1937;       0
1938;       0
1939;       0
1940;       0
1941;       0
1942;       0
1943;       0
1944;       0
1945;       0
1946;       0
1947;       0
1948;       0
1949;       0
1950;       1
1951;       0
1952;       0
1953;       0
1954;       0
1955;       0
1956;       0
1957;       0
1958;       0
1959;       1
1960;       0
1961;       0
1962;       0
1963;       0
1964;       1
1965;       0
1966;       0
1967;       0
1968;       0
1969;       0
1970;       0
1971;       0
1972;       0
1973;       0
1974;       0
1975;       0
1976;       0
1977;       0
1978;       1
1979;       0
1980;       0
1981;       0
1982;       0
1983;       0
1984;       0
1985;       0
1986;       0
1987;       0
1988;       0
1989;       0
1990;       0
1991;       0
1992;       0
1993;       0
1994;       1
1995;       0
1996;       0
1997;       0
1998;       0
1999;       0
2000;       0
2001;       0
2002;       0
2003;       0
2004;       0
2005;       0
2006;       0
2007;       0
2008;       0
2009;       0
2010;       0
2011;       0
2012;       0
2013;       0
2014;       1
2015;       0
2016;       0
2017;       0
2018;       0
2019;       0
2020;       0
2021;       0
2022;       0
2023;       0
2024;       0
2025;       0
2026;       0
2027;       0
2028;       0
2029;       0
2030;       0
2031;       0
2032;       0
2033;       1
2034;       0
2035;       0
2036;       0
2037;       0
2038;       0
2039;       0
2040;       1
2041;       0
2042;       0
2043;       0
2044;       0
2045;       0
2046;       0
2047;       0
